time	V(n003)
0.000000000000000e+000	-2.173067e-005
3.571428613164635e-009	-2.173067e-005
7.142857226329270e-009	-2.173067e-005
1.071428583949391e-008	-2.173067e-005
1.428571445265854e-008	-2.173067e-005
1.785714306582317e-008	-2.173067e-005
2.142857167898781e-008	-2.173067e-005
2.500000029215244e-008	-2.173067e-005
5.000000058430487e-008	-2.173067e-005
1.000000011686097e-007	-2.173067e-005
2.000000023372195e-007	-2.173067e-005
3.438718145533254e-007	-2.173067e-005
6.316154389855371e-007	-2.173067e-005
1.207102687849961e-006	-2.173067e-005
2.358077185578807e-006	-2.173067e-005
4.660026181036502e-006	-2.173067e-005
7.157828642170401e-006	-2.173067e-005
1.017518498610174e-005	-2.173067e-005
1.152599212550533e-005	-2.173067e-005
1.291759936551917e-005	-2.173067e-005
1.381247978721398e-005	-2.173068e-005
1.479115032017372e-005	-2.173067e-005
1.573311646690339e-005	-2.173068e-005
1.690884192016963e-005	-2.173068e-005
1.867743485013730e-005	-2.173067e-005
2.122110240126986e-005	-2.173068e-005
2.569866596471438e-005	-2.173067e-005
3.369214276673434e-005	-2.173068e-005
4.967909637077426e-005	-2.173067e-005
8.165300357885412e-005	-2.173067e-005
1.337035073349317e-004	-2.173067e-005
2.118285073349317e-004	-2.173067e-005
2.899535073349317e-004	-2.173067e-005
3.680785073349317e-004	-2.173067e-005
4.462035073349317e-004	-2.173067e-005
6.024535073349316e-004	-2.173067e-005
6.805785073349316e-004	-2.173067e-005
7.587035073349316e-004	-2.173067e-005
9.707570787635033e-004	-2.173067e-005
1.182810650192075e-003	-2.173067e-005
1.394864221620647e-003	-2.173067e-005
1.606917793049218e-003	-2.173067e-005
1.818971364477790e-003	-2.173067e-005
2.031024935906361e-003	-2.173067e-005
2.243078507334933e-003	-2.173067e-005
2.600221364477790e-003	-2.173067e-005
2.957364221620648e-003	-2.173067e-005
3.314507078763506e-003	-2.173067e-005
3.671649935906363e-003	-2.173067e-005
4.028792793049221e-003	-2.173067e-005
4.385935650192078e-003	-2.173067e-005
4.743078507334935e-003	-2.173067e-005
5.133703507334935e-003	-2.173067e-005
5.524328507334936e-003	-2.173067e-005
5.914953507334937e-003	-2.173067e-005
6.305578507334937e-003	-2.173067e-005
6.696203507334938e-003	-2.173067e-005
7.086828507334938e-003	-2.173067e-005
7.477453507334937e-003	-2.173067e-005
7.700667793049223e-003	-2.173067e-005
7.923882078763510e-003	-2.173067e-005
8.147096364477795e-003	-2.173067e-005
8.370310650192081e-003	-2.173067e-005
8.593524935906366e-003	-2.173067e-005
8.816739221620653e-003	-2.173067e-005
9.039953507334938e-003	-2.173067e-005
9.196203507334938e-003	-2.173067e-005
9.274328507334938e-003	-2.173067e-005
9.352453507334938e-003	-2.173067e-005
9.430578507334938e-003	-2.173067e-005
9.508703507334938e-003	-2.173067e-005
9.586828507334938e-003	-2.173067e-005
9.664953507334938e-003	-2.173067e-005
9.743078507334939e-003	-2.173067e-005
9.821203507334939e-003	-2.173067e-005
9.899328507334939e-003	-2.173067e-005
9.977453507334939e-003	-2.173065e-005
9.987219132334939e-003	-2.173066e-005
9.996033895939354e-003	-2.173067e-005
1.000083996947880e-002	-2.173067e-005
1.000381332340042e-002	-2.173067e-005
1.000642570775739e-002	-2.173067e-005
1.000917372404687e-002	-2.173067e-005
1.001059219493636e-002	-2.173067e-005
1.001151600518897e-002	-2.173068e-005
1.001212556729981e-002	-2.173066e-005
1.001264255531725e-002	-2.173074e-005
1.001316979707814e-002	-2.173063e-005
1.001391753776260e-002	-2.173084e-005
1.001475436763670e-002	-2.172881e-005
1.001531553755702e-002	-2.173489e-005
1.001589920013904e-002	-2.171959e-005
1.001653150145166e-002	-2.147208e-005
1.001675251190304e-002	-2.100255e-005
1.001688770129123e-002	-2.022293e-005
1.001697017145486e-002	-1.930722e-005
1.001703660099917e-002	-1.808381e-005
1.001710530539272e-002	-1.607213e-005
1.001718399479282e-002	-1.234672e-005
1.001726798863369e-002	-5.744802e-006
1.001735207957746e-002	5.469097e-006
1.001743765663205e-002	2.493903e-005
1.001752257351495e-002	5.798356e-005
1.001760793762646e-002	1.148147e-004
1.001769301685258e-002	2.117567e-004
1.001777839035454e-002	3.782260e-004
1.001786359682239e-002	6.625949e-004
1.001794900306051e-002	1.150095e-003
1.001803432331229e-002	1.981562e-003
1.001811988282381e-002	3.394866e-003
1.001820561023951e-002	5.744788e-003
1.001829223994805e-002	9.437500e-003
1.001838145444390e-002	1.446169e-002
1.001843623029657e-002	1.758362e-002
1.001849003463371e-002	1.965069e-002
1.001854757900502e-002	2.038483e-002
1.001860527832688e-002	2.028033e-002
1.001866645366714e-002	2.007156e-002
1.001873219694946e-002	1.997972e-002
1.001881997394107e-002	1.681777e-002
1.001885460167153e-002	1.124256e-002
1.001888791754440e-002	3.312555e-003
1.001890056401246e-002	1.080426e-003
1.001891331281155e-002	-2.289473e-004
1.001892850899641e-002	-1.112027e-003
1.001894525370703e-002	-1.530729e-003
1.001895921382074e-002	-1.570818e-003
1.001897346292693e-002	-1.436291e-003
1.001899022137760e-002	-1.200858e-003
1.001900630563768e-002	-9.757525e-004
1.001902500385305e-002	-7.677204e-004
1.001904481601866e-002	-6.326810e-004
1.001907018509121e-002	-5.722721e-004
1.001910273577344e-002	-6.027933e-004
1.001914423305876e-002	-7.079673e-004
1.001919017280397e-002	-8.284192e-004
1.001923968330391e-002	-9.321749e-004
1.001954429817718e-002	-1.428372e-003
1.002027423164150e-002	-2.547518e-003
1.002095877168591e-002	-3.578960e-003
1.002197732529799e-002	-5.106556e-003
1.002301147765473e-002	-6.654813e-003
1.002424397667741e-002	-8.498725e-003
1.002488825264146e-002	-9.462281e-003
1.002534842158838e-002	-1.015056e-002
1.002556226574407e-002	-1.047034e-002
1.002580524453314e-002	-1.083362e-002
1.002606403548752e-002	-1.122065e-002
1.002642942707885e-002	-1.176702e-002
1.002658194227143e-002	-1.199512e-002
1.002669824677345e-002	-1.216904e-002
1.002680562513956e-002	-1.232959e-002
1.002693421347687e-002	-1.252188e-002
1.002709586022041e-002	-1.276360e-002
1.002732511363992e-002	-1.310641e-002
1.002768285092750e-002	-1.364135e-002
1.002805569235441e-002	-1.419887e-002
1.002858511119493e-002	-1.499052e-002
1.002922987156392e-002	-1.595463e-002
1.003022878920009e-002	-1.744831e-002
1.003165912674282e-002	-1.958709e-002
1.003425684848107e-002	-2.347143e-002
1.003881711248928e-002	-3.029031e-002
1.004420256473821e-002	-3.834306e-002
1.004428495420589e-002	-3.846625e-002
1.004444973314124e-002	-3.871264e-002
1.004477929101196e-002	-3.920542e-002
1.004543840675340e-002	-4.019097e-002
1.004675663823628e-002	-4.216208e-002
1.004918032076877e-002	-4.578613e-002
1.005191810615639e-002	-4.987983e-002
1.005627268755294e-002	-5.639105e-002
1.006192587976625e-002	-6.484396e-002
1.007323226419290e-002	-8.174960e-002
1.009584503304617e-002	-1.155604e-001
1.011936496557783e-002	-1.507269e-001
1.013037257625274e-002	-1.671850e-001
1.014181237603591e-002	-1.842890e-001
1.015587202650783e-002	-2.053099e-001
1.015643382028224e-002	-2.061498e-001
1.015755740783106e-002	-2.078297e-001
1.015980458292869e-002	-2.111894e-001
1.016429893312395e-002	-2.179089e-001
1.016611426786343e-002	-2.206230e-001
1.016729247780167e-002	-2.223845e-001
1.016791230159183e-002	-2.233112e-001
1.016845670167962e-002	-2.241251e-001
1.016881432139393e-002	-2.246598e-001
1.016914128718919e-002	-2.251486e-001
1.016961035659982e-002	-2.258499e-001
1.017005090346536e-002	-2.265086e-001
1.017044938947933e-002	-2.271044e-001
1.017073768153096e-002	-2.275354e-001
1.017106221905224e-002	-2.280206e-001
1.017138802218927e-002	-2.285077e-001
1.017171777064464e-002	-2.290007e-001
1.017210367096764e-002	-2.295776e-001
1.017256044686760e-002	-2.302606e-001
1.017331614893287e-002	-2.313904e-001
1.017388058990566e-002	-2.322343e-001
1.017441423189557e-002	-2.330321e-001
1.017498640631164e-002	-2.338876e-001
1.017550607868667e-002	-2.346645e-001
1.017618981983488e-002	-2.356867e-001
1.017742459925244e-002	-2.375328e-001
1.017960152334028e-002	-2.407875e-001
1.018160351594682e-002	-2.437806e-001
1.018372027873762e-002	-2.469453e-001
1.018564751648422e-002	-2.498266e-001
1.018758100092082e-002	-2.527173e-001
1.018833372739061e-002	-2.538427e-001
1.018866149206688e-002	-2.543327e-001
1.018898816149216e-002	-2.548211e-001
1.018920249053483e-002	-2.551415e-001
1.018945224565899e-002	-2.555149e-001
1.018981543855766e-002	-2.560579e-001
1.019020947696398e-002	-2.566470e-001
1.019091785142408e-002	-2.577061e-001
1.019165142706499e-002	-2.588028e-001
1.019302451614562e-002	-2.608556e-001
1.019434026485723e-002	-2.628227e-001
1.019522040569382e-002	-2.641386e-001
1.019595455504595e-002	-2.652362e-001
1.019675233752483e-002	-2.664289e-001
1.019770348342551e-002	-2.678509e-001
1.019859284098288e-002	-2.691805e-001
1.020029522726327e-002	-2.717257e-001
1.020255466777183e-002	-2.751036e-001
1.020652956837593e-002	-2.810462e-001
1.021381639766456e-002	-2.919402e-001
1.022640839569406e-002	-3.107652e-001
1.025159239175305e-002	-3.484144e-001
1.030196038387105e-002	-4.237097e-001
1.038008538387105e-002	-5.404922e-001
1.045821038387105e-002	-6.572665e-001
1.053633538387105e-002	-7.740316e-001
1.061446038387105e-002	-8.907875e-001
1.069258538387105e-002	-1.007534e+000
1.077071038387105e-002	-1.124272e+000
1.084883538387105e-002	-1.241001e+000
1.092696038387105e-002	-1.357720e+000
1.100508538387105e-002	-1.474430e+000
1.116133538387105e-002	-1.707824e+000
1.139571038387105e-002	-2.057845e+000
1.148499609815677e-002	-2.191185e+000
1.157428181244248e-002	-2.324498e+000
1.166356752672820e-002	-2.457782e+000
1.175285324101391e-002	-2.591039e+000
1.184213895529962e-002	-2.724268e+000
1.193142466958534e-002	-2.857470e+000
1.202071038387105e-002	-2.990644e+000
1.217696038387105e-002	-3.223438e+000
1.225508538387105e-002	-3.339696e+000
1.233321038387105e-002	-3.455814e+000
1.241133538387105e-002	-3.571786e+000
1.242110100887105e-002	-3.586263e+000
1.244063225887105e-002	-3.615179e+000
1.246282692295857e-002	-3.648009e+000
1.246615784181422e-002	-3.652930e+000
1.247281967952550e-002	-3.662764e+000
1.247448513895332e-002	-3.665221e+000
1.247781605780897e-002	-3.670133e+000
1.247855477281275e-002	-3.671221e+000
1.248003220282033e-002	-3.673398e+000
1.248122780222051e-002	-3.675160e+000
1.248146370493660e-002	-3.675507e+000
1.248193551036878e-002	-3.676203e+000
1.248264078385523e-002	-3.677244e+000
1.248317913694782e-002	-3.678041e+000
1.248357648703175e-002	-3.678634e+000
1.248386761415419e-002	-3.679075e+000
1.248410733878559e-002	-3.679452e+000
1.248428178839295e-002	-3.679750e+000
1.248440074334880e-002	-3.679989e+000
1.248448610738347e-002	-3.680212e+000
1.248455554769877e-002	-3.680478e+000
1.248461968227442e-002	-3.680861e+000
1.248468759888702e-002	-3.681468e+000
1.248476141735221e-002	-3.682415e+000
1.248484497662675e-002	-3.684025e+000
1.248493495424103e-002	-3.686733e+000
1.248501765399032e-002	-3.690518e+000
1.248511395647321e-002	-3.696201e+000
1.248516124156018e-002	-3.698896e+000
1.248521671772866e-002	-3.700933e+000
1.248527494378852e-002	-3.701630e+000
1.248540100249133e-002	-3.701509e+000
1.248558890573135e-002	-3.701653e+000
1.248572859467179e-002	-3.701675e+000
1.248600797255267e-002	-3.701152e+000
1.248612502373776e-002	-3.695394e+000
1.248617222176240e-002	-3.688026e+000
1.248622293846743e-002	-3.679518e+000
1.248623383178896e-002	-3.678842e+000
1.248624536530343e-002	-3.678868e+000
1.248625560955361e-002	-3.679028e+000
1.248628264171506e-002	-3.679671e+000
1.248629764362779e-002	-3.680007e+000
1.248631413494421e-002	-3.680296e+000
1.248633253262497e-002	-3.680504e+000
1.248635492471444e-002	-3.680615e+000
1.248638460502991e-002	-3.680617e+000
1.248649831394616e-002	-3.680297e+000
1.248663385557962e-002	-3.680059e+000
1.248713730693251e-002	-3.679266e+000
1.248909853681278e-002	-3.676303e+000
1.249011975821591e-002	-3.674770e+000
1.249148329888366e-002	-3.672725e+000
1.249432521707176e-002	-3.668464e+000
1.249716713525987e-002	-3.664204e+000
1.250000905344797e-002	-3.659944e+000
1.250285097163607e-002	-3.655683e+000
1.250569288982418e-002	-3.651423e+000
1.250853480801228e-002	-3.647163e+000
1.251137672620039e-002	-3.642902e+000
1.252809462841645e-002	-3.617841e+000
1.256153043284858e-002	-3.567720e+000
1.262840204171284e-002	-3.467484e+000
1.270652704171284e-002	-3.350387e+000
1.278465204171284e-002	-3.233296e+000
1.279441766671284e-002	-3.218661e+000
1.281394891671284e-002	-3.189391e+000
1.285301141671284e-002	-3.130852e+000
1.285391899919015e-002	-3.129492e+000
1.285573416414478e-002	-3.126772e+000
1.285801927395457e-002	-3.123348e+000
1.285985693455394e-002	-3.120594e+000
1.286227516958061e-002	-3.116970e+000
1.286352448516319e-002	-3.115098e+000
1.286433005657878e-002	-3.113891e+000
1.286485397603250e-002	-3.113106e+000
1.286523153794608e-002	-3.112540e+000
1.286561725260416e-002	-3.111962e+000
1.286608595127878e-002	-3.111259e+000
1.286662640034759e-002	-3.110449e+000
1.286720722340319e-002	-3.109579e+000
1.286770630941009e-002	-3.108831e+000
1.286831510074639e-002	-3.107919e+000
1.286887199868489e-002	-3.107084e+000
1.286953925120056e-002	-3.106084e+000
1.287019316884010e-002	-3.105104e+000
1.287096662510132e-002	-3.103945e+000
1.287176245049554e-002	-3.102753e+000
1.287267550014209e-002	-3.101385e+000
1.287351348371990e-002	-3.100129e+000
1.287392969605514e-002	-3.099505e+000
1.287421920950370e-002	-3.099071e+000
1.287433742352745e-002	-3.098894e+000
1.287448239556477e-002	-3.098677e+000
1.287462109951584e-002	-3.098469e+000
1.287475650893307e-002	-3.098266e+000
1.287488595268057e-002	-3.098072e+000
1.287496993046032e-002	-3.097946e+000
1.287504479976163e-002	-3.097834e+000
1.287513515069793e-002	-3.097699e+000
1.287522532086875e-002	-3.097564e+000
1.287531936878788e-002	-3.097423e+000
1.287550746462613e-002	-3.097141e+000
1.287570758958209e-002	-3.096841e+000
1.287607611923743e-002	-3.096289e+000
1.287645055130813e-002	-3.095727e+000
1.287705359051342e-002	-3.094824e+000
1.287776765668584e-002	-3.093754e+000
1.287897693824272e-002	-3.091942e+000
1.288076490413420e-002	-3.089262e+000
1.288179544882647e-002	-3.087718e+000
1.288330688156393e-002	-3.085453e+000
1.288477263273172e-002	-3.083257e+000
1.288610947605132e-002	-3.081254e+000
1.288817059294618e-002	-3.078165e+000
1.289103502422801e-002	-3.073873e+000
1.289545555611108e-002	-3.067248e+000
1.290247747248376e-002	-3.056726e+000
1.291555533327107e-002	-3.037129e+000
1.292942400733084e-002	-3.016348e+000
1.295011011248512e-002	-2.985351e+000
1.297432439825901e-002	-2.949069e+000
1.301254960103407e-002	-2.891794e+000
1.305666320157359e-002	-2.825700e+000
1.312137378347973e-002	-2.728751e+000
1.319720825325131e-002	-2.615144e+000
1.327533325325131e-002	-2.498115e+000
1.335345825325131e-002	-2.381094e+000
1.342671437030193e-002	-2.271375e+000
1.380617865601621e-002	-1.703166e+000
1.418564294173050e-002	-1.135175e+000
1.456510722744478e-002	-5.674044e-001
1.494457151315907e-002	1.475130e-004
1.532403579887335e-002	5.674803e-001
1.570350008458763e-002	1.134594e+000
1.608296437030192e-002	1.701488e+000
1.623921437030192e-002	1.934951e+000
1.639546437030191e-002	2.168304e+000
1.655171437030191e-002	2.401546e+000
1.670796437030191e-002	2.634678e+000
1.686421437030190e-002	2.867700e+000
1.702046437030190e-002	3.100612e+000
1.717671437030190e-002	3.333413e+000
1.725483937030189e-002	3.449541e+000
1.733296437030189e-002	3.565528e+000
1.734272999530189e-002	3.580007e+000
1.736226124530189e-002	3.608926e+000
1.739126569781071e-002	3.651829e+000
1.739399348407593e-002	3.655859e+000
1.739944905660638e-002	3.663910e+000
1.740081294973899e-002	3.665922e+000
1.740354073600422e-002	3.669944e+000
1.740422268257052e-002	3.670949e+000
1.740558657570313e-002	3.672959e+000
1.740698285961737e-002	3.675016e+000
1.740787024420174e-002	3.676324e+000
1.740799266166600e-002	3.676505e+000
1.740823749659452e-002	3.676866e+000
1.740872716645155e-002	3.677590e+000
1.740916685765172e-002	3.678242e+000
1.740950860027559e-002	3.678754e+000
1.740978942211507e-002	3.679184e+000
1.741000963494056e-002	3.679538e+000
1.741016380768361e-002	3.679813e+000
1.741026842858806e-002	3.680041e+000
1.741034638487029e-002	3.680273e+000
1.741041286193982e-002	3.680571e+000
1.741047714774935e-002	3.681024e+000
1.741055508897640e-002	3.681829e+000
1.741062726389392e-002	3.682927e+000
1.741072116990979e-002	3.685126e+000
1.741080613941426e-002	3.688254e+000
1.741089423624239e-002	3.692869e+000
1.741096088408302e-002	3.696964e+000
1.741100800712261e-002	3.699414e+000
1.741107134484149e-002	3.701156e+000
1.741112923958272e-002	3.701505e+000
1.741125625106348e-002	3.701321e+000
1.741161311145838e-002	3.701324e+000
1.741190023643251e-002	3.699848e+000
1.741197944975521e-002	3.694489e+000
1.741202101434681e-002	3.687012e+000
1.741205165673749e-002	3.681284e+000
1.741206304812535e-002	3.680170e+000
1.741207667305362e-002	3.679620e+000
1.741209112047541e-002	3.679419e+000
1.741210529278559e-002	3.679473e+000
1.741212018092205e-002	3.679671e+000
1.741215250682332e-002	3.680174e+000
1.741217081134463e-002	3.680379e+000
1.741219152918788e-002	3.680512e+000
1.741221735918169e-002	3.680558e+000
1.741225364737372e-002	3.680507e+000
1.741233486297818e-002	3.680289e+000
1.741238280469420e-002	3.680190e+000
1.741262397178459e-002	3.679802e+000
1.741286513887497e-002	3.679419e+000
1.741310630596536e-002	3.679042e+000
1.741334747305574e-002	3.678670e+000
1.741358864014612e-002	3.678303e+000
1.741382980723651e-002	3.677941e+000
1.741407097432689e-002	3.677585e+000
1.741763413581463e-002	3.672239e+000
1.742119729730236e-002	3.666895e+000
1.742476045879010e-002	3.661552e+000
1.742832362027783e-002	3.656210e+000
1.743188678176557e-002	3.650868e+000
1.743544994325330e-002	3.645528e+000
1.743901310474104e-002	3.640189e+000
1.766958281731822e-002	3.294617e+000
1.790015252989540e-002	2.949124e+000
1.813072224247259e-002	2.603711e+000
1.836129195504977e-002	2.258377e+000
1.859186166762696e-002	1.913123e+000
1.882243138020414e-002	1.567948e+000
1.905300109278133e-002	1.222853e+000
1.911996537849561e-002	1.122642e+000
1.918692966420990e-002	1.022438e+000
1.925389394992418e-002	9.222400e-001
1.932085823563846e-002	8.220493e-001
1.938782252135275e-002	7.218652e-001
1.945478680706703e-002	6.216878e-001
1.952175109278132e-002	5.215172e-001
1.959987609278132e-002	4.046599e-001
1.967800109278131e-002	2.878115e-001
1.974430242010846e-002	1.886544e-001
1.981316400346930e-002	8.567584e-002
1.988950082525176e-002	-2.847549e-002
1.989817441691209e-002	-4.144500e-002
1.991552160023274e-002	-6.738326e-002
1.991985839606291e-002	-7.386781e-002
1.992853198772323e-002	-8.683682e-002
1.993070038563832e-002	-9.007906e-002
1.993429615593338e-002	-9.545551e-002
1.993826363908607e-002	-1.013877e-001
1.994235979958526e-002	-1.075123e-001
1.994253796037954e-002	-1.077787e-001
1.994289428196809e-002	-1.083115e-001
1.994360692514521e-002	-1.093770e-001
1.994394929099114e-002	-1.098889e-001
1.994427296733497e-002	-1.103729e-001
1.994446684488152e-002	-1.106628e-001
1.994462026065229e-002	-1.108922e-001
1.994481080976969e-002	-1.111771e-001
1.994493144640223e-002	-1.113575e-001
1.994503376103472e-002	-1.115104e-001
1.994514573682301e-002	-1.116779e-001
1.994531605288934e-002	-1.119325e-001
1.994556582990988e-002	-1.123060e-001
1.994578706441472e-002	-1.126368e-001
1.994594333083076e-002	-1.128704e-001
1.994606530511025e-002	-1.130528e-001
1.994621236921324e-002	-1.132727e-001
1.994638235999641e-002	-1.135269e-001
1.994672234156276e-002	-1.140352e-001
1.994719651298055e-002	-1.147442e-001
1.994758650446564e-002	-1.153273e-001
1.994785155573426e-002	-1.157236e-001
1.994818535825513e-002	-1.162227e-001
1.994849344207338e-002	-1.166833e-001
1.994881315745826e-002	-1.171614e-001
1.994918627555272e-002	-1.177193e-001
1.994971374855282e-002	-1.185079e-001
1.995027043062974e-002	-1.193403e-001
1.995082743449827e-002	-1.201731e-001
1.995107353964052e-002	-1.205411e-001
1.995118620662889e-002	-1.207095e-001
1.995125570507207e-002	-1.208135e-001
1.995132371745383e-002	-1.209151e-001
1.995138506269931e-002	-1.210069e-001
1.995150775319028e-002	-1.211903e-001
1.995162364308310e-002	-1.213636e-001
1.995182777561769e-002	-1.216688e-001
1.995204131559204e-002	-1.219881e-001
1.995242858009243e-002	-1.225671e-001
1.995283167509468e-002	-1.231698e-001
1.995320722767282e-002	-1.237313e-001
1.995342162174506e-002	-1.240519e-001
1.995370362193718e-002	-1.244735e-001
1.995381300827873e-002	-1.246371e-001
1.995395555910737e-002	-1.248502e-001
1.995411532543730e-002	-1.250891e-001
1.995443485809715e-002	-1.255669e-001
1.995507392341685e-002	-1.265224e-001
1.995593011848328e-002	-1.278026e-001
1.995764250861614e-002	-1.303629e-001
1.996007630325773e-002	-1.340019e-001
1.996336992362048e-002	-1.389264e-001
1.996818962835883e-002	-1.461326e-001
1.997782903783554e-002	-1.605450e-001
1.999710785678895e-002	-1.893692e-001
2.003566549469576e-002	-2.470156e-001
2.011278077050939e-002	-3.623021e-001
2.019090577050938e-002	-4.790902e-001
2.026903077050938e-002	-5.958697e-001
2.033135987586801e-002	-6.890312e-001
2.047832250891569e-002	-9.086676e-001
2.066805465177283e-002	-1.192193e+000
2.085778679462997e-002	-1.475654e+000
2.104751893748711e-002	-1.759050e+000
2.123725108034425e-002	-2.042382e+000
2.142698322320139e-002	-2.325649e+000
2.161671536605853e-002	-2.608853e+000
2.180644750891567e-002	-2.891991e+000
2.186225108034424e-002	-2.975225e+000
2.191805465177281e-002	-3.058409e+000
2.197385822320138e-002	-3.141543e+000
2.202966179462995e-002	-3.224628e+000
2.208546536605852e-002	-3.307662e+000
2.214126893748709e-002	-3.390646e+000
2.219707250891566e-002	-3.473581e+000
2.227519750891566e-002	-3.589514e+000
2.228496313391566e-002	-3.603983e+000
2.230449438391566e-002	-3.632887e+000
2.230937719641566e-002	-3.640107e+000
2.231914282141566e-002	-3.654536e+000
2.232158422766566e-002	-3.658140e+000
2.232646704016566e-002	-3.665345e+000
2.232768774329066e-002	-3.667146e+000
2.233012914954066e-002	-3.670745e+000
2.233073950110316e-002	-3.671644e+000
2.233196020422816e-002	-3.673443e+000
2.233326624123546e-002	-3.675367e+000
2.233415743136955e-002	-3.676681e+000
2.233425006638428e-002	-3.676818e+000
2.233443533641374e-002	-3.677091e+000
2.233480587647266e-002	-3.677639e+000
2.233521190143178e-002	-3.678241e+000
2.233554729940092e-002	-3.678743e+000
2.233583038668474e-002	-3.679176e+000
2.233605820825588e-002	-3.679539e+000
2.233621918296641e-002	-3.679823e+000
2.233632762611050e-002	-3.680054e+000
2.233640717041526e-002	-3.680284e+000
2.233647416457980e-002	-3.680573e+000
2.233653826569787e-002	-3.681005e+000
2.233660927602517e-002	-3.681707e+000
2.233668336243062e-002	-3.682767e+000
2.233677209717070e-002	-3.684704e+000
2.233685972539956e-002	-3.687707e+000
2.233694430466495e-002	-3.691938e+000
2.233703038857626e-002	-3.697116e+000
2.233708092925204e-002	-3.699715e+000
2.233713994392386e-002	-3.701323e+000
2.233719449702179e-002	-3.701653e+000
2.233732649233775e-002	-3.701532e+000
2.233753322229673e-002	-3.701672e+000
2.233768441251224e-002	-3.701674e+000
2.233798679294328e-002	-3.696887e+000
2.233806523823874e-002	-3.689975e+000
2.233814885569752e-002	-3.679208e+000
2.233816709588447e-002	-3.678342e+000
2.233818151110451e-002	-3.678701e+000
2.233820712234309e-002	-3.679542e+000
2.233822106510154e-002	-3.679929e+000
2.233823748503993e-002	-3.680269e+000
2.233825545770689e-002	-3.680498e+000
2.233827844895875e-002	-3.680616e+000
2.233830981026512e-002	-3.680605e+000
2.233837062884994e-002	-3.680399e+000
2.233840843402059e-002	-3.680290e+000
2.233845450156950e-002	-3.680195e+000
2.233866589602574e-002	-3.679857e+000
2.233887729048199e-002	-3.679523e+000
2.233908868493823e-002	-3.679193e+000
2.233930007939448e-002	-3.678866e+000
2.233951147385072e-002	-3.678544e+000
2.233972286830696e-002	-3.678226e+000
2.233993426276321e-002	-3.677912e+000
2.234195421607185e-002	-3.674879e+000
2.234397416938049e-002	-3.671847e+000
2.234599412268913e-002	-3.668817e+000
2.234801407599778e-002	-3.665787e+000
2.235003402930642e-002	-3.662759e+000
2.235205398261506e-002	-3.659732e+000
2.235407393592371e-002	-3.656705e+000
2.271681363310243e-002	-3.113024e+000
2.307955333028116e-002	-2.569544e+000
2.344229302745989e-002	-2.026263e+000
2.380503272463861e-002	-1.483183e+000
2.416777242181734e-002	-9.403029e-001
2.453051211899606e-002	-3.976232e-001
2.489325181617479e-002	1.448563e-001
2.511646610188907e-002	4.785752e-001
2.533968038760335e-002	8.122182e-001
2.556289467331763e-002	1.145785e+000
2.578610895903191e-002	1.479277e+000
2.600932324474619e-002	1.812692e+000
2.623253753046047e-002	2.146032e+000
2.645575181617475e-002	2.479295e+000
2.653387681617475e-002	2.595913e+000
2.661200181617475e-002	2.712509e+000
2.669012681617475e-002	2.829072e+000
2.676183517472685e-002	2.936022e+000
2.683996017472685e-002	3.052488e+000
2.691808517472685e-002	3.168904e+000
2.692785079972685e-002	3.183450e+000
2.694738204972685e-002	3.212536e+000
2.695226486222685e-002	3.219807e+000
2.696203048722685e-002	3.234347e+000
2.696697067891960e-002	3.241701e+000
2.697685106230512e-002	3.256410e+000
2.698033713304583e-002	3.261599e+000
2.698234669194468e-002	3.264591e+000
2.698351582928306e-002	3.266331e+000
2.698418163026715e-002	3.267322e+000
2.698463065281249e-002	3.267990e+000
2.698506648505236e-002	3.268639e+000
2.698552302695984e-002	3.269318e+000
2.698608006692098e-002	3.270147e+000
2.698668065573990e-002	3.271041e+000
2.698718708448254e-002	3.271795e+000
2.698779820990218e-002	3.272705e+000
2.698836056155118e-002	3.273542e+000
2.698903845047029e-002	3.274550e+000
2.698970634841577e-002	3.275545e+000
2.699049903044072e-002	3.276724e+000
2.699131984095914e-002	3.277946e+000
2.699225433343482e-002	3.279337e+000
2.699311223591891e-002	3.280614e+000
2.699353771125674e-002	3.281247e+000
2.699383714187040e-002	3.281693e+000
2.699396069012417e-002	3.281876e+000
2.699411797251838e-002	3.282110e+000
2.699425689536803e-002	3.282317e+000
2.699439258023048e-002	3.282519e+000
2.699454587537285e-002	3.282747e+000
2.699463752922786e-002	3.282884e+000
2.699471579576811e-002	3.283000e+000
2.699481130573622e-002	3.283142e+000
2.699490390714933e-002	3.283280e+000
2.699500349871626e-002	3.283428e+000
2.699520268185014e-002	3.283725e+000
2.699540763184728e-002	3.284030e+000
2.699579088288591e-002	3.284600e+000
2.699617762364111e-002	3.285176e+000
2.699680891647515e-002	3.286115e+000
2.699755578499852e-002	3.287227e+000
2.699884230447803e-002	3.289141e+000
2.700076620254754e-002	3.292004e+000
2.700080709446176e-002	3.292065e+000
2.700088887829020e-002	3.292187e+000
2.700105244594709e-002	3.292430e+000
2.700137958126087e-002	3.292917e+000
2.700203385188841e-002	3.293891e+000
2.700327934769950e-002	3.295744e+000
2.700445149396296e-002	3.297488e+000
2.700618179208832e-002	3.300063e+000
2.700817242115638e-002	3.303025e+000
2.701141377338020e-002	3.307848e+000
2.701546763818898e-002	3.313880e+000
2.702357536780655e-002	3.325942e+000
2.703598318729974e-002	3.344399e+000
2.705133305107890e-002	3.367228e+000
2.707120837155823e-002	3.396779e+000
2.709775760931498e-002	3.436235e+000
2.713470082624862e-002	3.491099e+000
2.718241203282813e-002	3.561850e+000
2.724554619455036e-002	3.655318e+000
2.724693602641622e-002	3.657372e+000
2.724971569014793e-002	3.661474e+000
2.725527501761136e-002	3.669673e+000
2.725622789051707e-002	3.671078e+000
2.725813363632849e-002	3.673886e+000
2.725843888762080e-002	3.674336e+000
2.725904939020542e-002	3.675235e+000
2.726004239706395e-002	3.676699e+000
2.726070913823550e-002	3.677685e+000
2.726117786012132e-002	3.678381e+000
2.726151282389598e-002	3.678885e+000
2.726177892645775e-002	3.679298e+000
2.726197525438330e-002	3.679622e+000
2.726210855124248e-002	3.679874e+000
2.726220150068854e-002	3.680094e+000
2.726227433014022e-002	3.680339e+000
2.726233921561082e-002	3.680674e+000
2.726240476782232e-002	3.681195e+000
2.726247979687074e-002	3.682053e+000
2.726255721135996e-002	3.683365e+000
2.726264982036135e-002	3.685803e+000
2.726273386133906e-002	3.689246e+000
2.726282497307538e-002	3.694344e+000
2.726287727158263e-002	3.697572e+000
2.726292389119796e-002	3.699863e+000
2.726298072418581e-002	3.701212e+000
2.726304061566622e-002	3.701458e+000
2.726316981104530e-002	3.701310e+000
2.726338477613319e-002	3.701359e+000
2.726354097298148e-002	3.701290e+000
2.726385336667804e-002	3.695222e+000
2.726392623791958e-002	3.688263e+000
2.726400350185825e-002	3.678893e+000
2.726401781007523e-002	3.678448e+000
2.726403368864599e-002	3.678933e+000
2.726405594083818e-002	3.679643e+000
2.726407056544906e-002	3.680013e+000
2.726408803703260e-002	3.680325e+000
2.726410724707224e-002	3.680515e+000
2.726413243608263e-002	3.680583e+000
2.726417122231059e-002	3.680511e+000
2.726424499635591e-002	3.680267e+000
2.726428304783262e-002	3.680180e+000
2.726443576722911e-002	3.679929e+000
2.726453695869405e-002	3.679767e+000
2.726470112740482e-002	3.679508e+000
2.726502946482635e-002	3.679003e+000
2.726568613966941e-002	3.678007e+000
2.726640802897618e-002	3.676919e+000
2.726754281691863e-002	3.675215e+000
2.727023424789481e-002	3.671179e+000
2.727198901205259e-002	3.668548e+000
2.727850912747593e-002	3.658774e+000
2.737186250095265e-002	3.518848e+000
2.746521587442937e-002	3.378934e+000
2.755856924790610e-002	3.239033e+000
2.765192262138282e-002	3.099146e+000
2.774527599485955e-002	2.959270e+000
2.783862936833628e-002	2.819408e+000
2.793198274181300e-002	2.679559e+000
2.801010774181300e-002	2.562533e+000
2.808823274181299e-002	2.445516e+000
2.816635774181299e-002	2.328508e+000
2.824448274181299e-002	2.211509e+000
2.832260774181299e-002	2.094520e+000
2.840073274181299e-002	1.977540e+000
2.847885774181299e-002	1.860567e+000
2.850851497658168e-002	1.816165e+000
2.851592928527385e-002	1.805065e+000
2.853075790265819e-002	1.782865e+000
2.853877110834838e-002	1.770869e+000
2.854731273512867e-002	1.758081e+000
2.855851133320845e-002	1.741316e+000
2.857087471679914e-002	1.722808e+000
2.857129116299120e-002	1.722184e+000
2.857212405537532e-002	1.720937e+000
2.857378984014356e-002	1.718444e+000
2.857466507442553e-002	1.717133e+000
2.857535918380861e-002	1.716094e+000
2.857579469772047e-002	1.715442e+000
2.857616088789463e-002	1.714894e+000
2.857655831942118e-002	1.714299e+000
2.857690248813057e-002	1.713784e+000
2.857716035168310e-002	1.713398e+000
2.857745953890712e-002	1.712950e+000
2.857787847186543e-002	1.712323e+000
2.857830632546885e-002	1.711682e+000
2.857870461781603e-002	1.711086e+000
2.857907262174589e-002	1.710535e+000
2.857940914839202e-002	1.710031e+000
2.857969635667264e-002	1.709602e+000
2.857994154163336e-002	1.709234e+000
2.858018582519804e-002	1.708869e+000
2.858051110520641e-002	1.708382e+000
2.858099920645002e-002	1.707651e+000
2.858154197706647e-002	1.706838e+000
2.858197642923612e-002	1.706188e+000
2.858236679734228e-002	1.705604e+000
2.858282805955320e-002	1.704913e+000
2.858321817506920e-002	1.704329e+000
2.858375925041773e-002	1.703519e+000
2.858446450929974e-002	1.702464e+000
2.858587502706375e-002	1.700352e+000
2.858749808022475e-002	1.697922e+000
2.858904700402691e-002	1.695603e+000
2.859065390714317e-002	1.693198e+000
2.859220132028764e-002	1.690881e+000
2.859283447726148e-002	1.689934e+000
2.859323255607717e-002	1.689338e+000
2.859345012453581e-002	1.689012e+000
2.859365786537906e-002	1.688701e+000
2.859383218306143e-002	1.688440e+000
2.859402573065178e-002	1.688150e+000
2.859433871503317e-002	1.687682e+000
2.859464503525349e-002	1.687223e+000
2.859515945228202e-002	1.686453e+000
2.859570180970208e-002	1.685641e+000
2.859661493268186e-002	1.684274e+000
2.859761257745240e-002	1.682781e+000
2.859841495356167e-002	1.681580e+000
2.859902432729902e-002	1.680667e+000
2.859943976755228e-002	1.680045e+000
2.859990411113192e-002	1.679350e+000
2.860053958320139e-002	1.678399e+000
2.860119768234615e-002	1.677414e+000
2.860251388063565e-002	1.675444e+000
2.860514627721467e-002	1.671503e+000
2.860967906581233e-002	1.664717e+000
2.861588789300645e-002	1.655423e+000
2.862817304669771e-002	1.637033e+000
2.865274335408023e-002	1.600253e+000
2.870188396884528e-002	1.526697e+000
2.878000896884528e-002	1.409762e+000
2.885813396884528e-002	1.292835e+000
2.893625896884527e-002	1.175917e+000
2.901438396884527e-002	1.059009e+000
2.909250896884527e-002	9.421097e-001
2.917063396884527e-002	8.252195e-001
2.924875896884527e-002	7.083385e-001
2.932688396884527e-002	5.914667e-001
2.940500896884526e-002	4.746039e-001
2.948313396884526e-002	3.577503e-001
2.963938396884526e-002	1.240705e-001
2.979563396884526e-002	-1.095727e-001
3.003000896884525e-002	-4.599691e-001
3.013045539741668e-002	-6.101138e-001
3.023090182598811e-002	-7.602434e-001
3.033134825455953e-002	-9.103579e-001
3.043179468313096e-002	-1.060457e+000
3.053224111170239e-002	-1.210542e+000
3.063268754027381e-002	-1.360611e+000
3.073313396884524e-002	-1.510665e+000
3.082241968313095e-002	-1.644034e+000
3.091170539741666e-002	-1.777391e+000
3.100099111170237e-002	-1.910736e+000
3.109027682598809e-002	-2.044069e+000
3.117956254027380e-002	-2.177390e+000
3.126884825455951e-002	-2.310699e+000
3.135813396884522e-002	-2.443996e+000
3.151438396884522e-002	-2.677219e+000
3.159250896884522e-002	-2.793791e+000
3.165947325455950e-002	-2.893712e+000
3.172643754027379e-002	-2.993566e+000
3.179340182598807e-002	-3.093353e+000
3.186036611170236e-002	-3.193072e+000
3.192733039741664e-002	-3.292724e+000
3.199429468313093e-002	-3.392309e+000
3.206125896884521e-002	-3.491827e+000
3.213938396884521e-002	-3.607712e+000
3.214914959384520e-002	-3.622171e+000
3.216868084384521e-002	-3.651048e+000
3.217149901072166e-002	-3.655211e+000
3.217713534447456e-002	-3.663530e+000
3.217854442791279e-002	-3.665609e+000
3.218136259478924e-002	-3.669764e+000
3.218206713650836e-002	-3.670803e+000
3.218347621994658e-002	-3.672879e+000
3.218488337018007e-002	-3.674952e+000
3.218515211365622e-002	-3.675348e+000
3.218568960060853e-002	-3.676141e+000
3.218637504878854e-002	-3.677152e+000
3.218692250315172e-002	-3.677962e+000
3.218732991558982e-002	-3.678569e+000
3.218762930136827e-002	-3.679022e+000
3.218787977981698e-002	-3.679414e+000
3.218806351516784e-002	-3.679724e+000
3.218818801549695e-002	-3.679968e+000
3.218827586395303e-002	-3.680190e+000
3.218834625651362e-002	-3.680449e+000
3.218841049551474e-002	-3.680815e+000
3.218847749017379e-002	-3.681391e+000
3.218855151312478e-002	-3.682306e+000
3.218863303637817e-002	-3.683809e+000
3.218872393373838e-002	-3.686424e+000
3.218880655383872e-002	-3.690073e+000
3.218890093744007e-002	-3.695575e+000
3.218894838401391e-002	-3.698417e+000
3.218899856865505e-002	-3.700577e+000
3.218905375067632e-002	-3.701545e+000
3.218910943386065e-002	-3.701618e+000
3.218916828875253e-002	-3.701517e+000
3.218932205087417e-002	-3.701613e+000
3.218967666040826e-002	-3.701671e+000
3.218984711557370e-002	-3.701592e+000
3.218988767369935e-002	-3.701454e+000
3.218991411755456e-002	-3.699742e+000
3.218993190821858e-002	-3.695947e+000
3.218995543683628e-002	-3.688998e+000
3.218997046185045e-002	-3.685265e+000
3.218998402784824e-002	-3.682890e+000
3.218999977428570e-002	-3.681137e+000
3.219001854311804e-002	-3.680023e+000
3.219003692296218e-002	-3.679617e+000
3.219005052305492e-002	-3.679622e+000
3.219006457664895e-002	-3.679779e+000
3.219009773101036e-002	-3.680242e+000
3.219011684230627e-002	-3.680438e+000
3.219013742522651e-002	-3.680557e+000
3.219016410299865e-002	-3.680597e+000
3.219020009865720e-002	-3.680544e+000
3.219028558513393e-002	-3.680321e+000
3.219041162796795e-002	-3.680092e+000
3.219092250124883e-002	-3.679286e+000
3.219312305877452e-002	-3.675963e+000
3.223661768552205e-002	-3.610758e+000
3.227446383953943e-002	-3.554026e+000
3.235015614757418e-002	-3.440569e+000
3.241473973129144e-002	-3.343769e+000
3.248224561689818e-002	-3.242596e+000
3.256037061689818e-002	-3.125517e+000
3.263849561689818e-002	-3.008445e+000
3.264826124189817e-002	-2.993812e+000
3.265713723466769e-002	-2.980512e+000
3.266196624761471e-002	-2.973276e+000
3.266486414411143e-002	-2.968934e+000
3.266670821209249e-002	-2.966171e+000
3.266860358284217e-002	-2.963331e+000
3.267106308889052e-002	-2.959645e+000
3.267215078026231e-002	-2.958015e+000
3.267279262008169e-002	-2.957054e+000
3.267321627184130e-002	-2.956419e+000
3.267364382302153e-002	-2.955778e+000
3.267416518238517e-002	-2.954997e+000
3.267478430092857e-002	-2.954070e+000
3.267541796329519e-002	-2.953120e+000
3.267600519700849e-002	-2.952240e+000
3.267655449094787e-002	-2.951417e+000
3.267716824540630e-002	-2.950497e+000
3.267782143206299e-002	-2.949519e+000
3.267855983261384e-002	-2.948412e+000
3.267933287377246e-002	-2.947254e+000
3.268020834178365e-002	-2.945942e+000
3.268104608021885e-002	-2.944687e+000
3.268150344144883e-002	-2.944002e+000
3.268180101166983e-002	-2.943556e+000
3.268203193216857e-002	-2.943210e+000
3.268214018272358e-002	-2.943048e+000
3.268227539424062e-002	-2.942845e+000
3.268241587888594e-002	-2.942635e+000
3.268256726785662e-002	-2.942408e+000
3.268267516541342e-002	-2.942246e+000
3.268275079252332e-002	-2.942133e+000
3.268282849067594e-002	-2.942016e+000
3.268292024370183e-002	-2.941879e+000
3.268301116648029e-002	-2.941743e+000
3.268313351373741e-002	-2.941559e+000
3.268337820825164e-002	-2.941193e+000
3.268365020906914e-002	-2.940785e+000
3.268404383651672e-002	-2.940195e+000
3.268450571082866e-002	-2.939503e+000
3.268519322849227e-002	-2.938473e+000
3.268612009228566e-002	-2.937084e+000
3.268765427884539e-002	-2.934785e+000
3.268879648217820e-002	-2.933074e+000
3.268883096929633e-002	-2.933022e+000
3.268889994353257e-002	-2.932919e+000
3.268903789200506e-002	-2.932712e+000
3.268931378895005e-002	-2.932299e+000
3.268986558284002e-002	-2.931472e+000
3.269096917061996e-002	-2.929819e+000
3.269217655607291e-002	-2.928010e+000
3.269380563635903e-002	-2.925569e+000
3.269575396411437e-002	-2.922649e+000
3.269878939604445e-002	-2.918101e+000
3.270265155802786e-002	-2.912314e+000
3.270987604841918e-002	-2.901489e+000
3.272221505079820e-002	-2.883002e+000
3.273644405590617e-002	-2.861683e+000
3.275597924111366e-002	-2.832414e+000
3.278050578716460e-002	-2.795667e+000
3.281678944632153e-002	-2.741307e+000
3.286135103978110e-002	-2.674549e+000
3.292312642821192e-002	-2.582007e+000
3.299925142316660e-002	-2.467976e+000
3.307737642316660e-002	-2.350958e+000
3.314758000547959e-002	-2.245813e+000
3.322080322749131e-002	-2.136153e+000
3.358910679891988e-002	-1.584703e+000
3.395741037034844e-002	-1.033460e+000
3.432571394177700e-002	-4.824232e-001
3.469401751320557e-002	6.840732e-002
3.506232108463413e-002	6.190314e-001
3.543062465606269e-002	1.169449e+000
3.579892822749126e-002	1.719660e+000
3.595517822749125e-002	1.953126e+000
3.611142822749125e-002	2.186477e+000
3.626767822749125e-002	2.419712e+000
3.642392822749124e-002	2.652833e+000
3.658017822749124e-002	2.885840e+000
3.673642822749124e-002	3.118731e+000
3.689267822749123e-002	3.351507e+000
3.697080322749123e-002	3.467608e+000
3.704892822749123e-002	3.583556e+000
3.705869385249123e-002	3.598027e+000
3.707822510249123e-002	3.626939e+000
3.708310791499123e-002	3.634161e+000
3.709287353999123e-002	3.648596e+000
3.709531494624123e-002	3.652203e+000
3.710019775874123e-002	3.659411e+000
3.710598832853733e-002	3.667954e+000
3.710700476415459e-002	3.669453e+000
3.710903763538910e-002	3.672449e+000
3.710954585319773e-002	3.673198e+000
3.711056228881499e-002	3.674695e+000
3.711147223013381e-002	3.676037e+000
3.711220981539948e-002	3.677125e+000
3.711274274652660e-002	3.677913e+000
3.711315199596209e-002	3.678523e+000
3.711345103979770e-002	3.678975e+000
3.711370442620860e-002	3.679371e+000
3.711388983259079e-002	3.679683e+000
3.711401557759362e-002	3.679928e+000
3.711410391443146e-002	3.680151e+000
3.711417449624544e-002	3.680408e+000
3.711423876567112e-002	3.680772e+000
3.711430563962029e-002	3.681345e+000
3.711437970731410e-002	3.682254e+000
3.711446095542726e-002	3.683742e+000
3.711455205095329e-002	3.686344e+000
3.711463496176393e-002	3.689981e+000
3.711472933102687e-002	3.695451e+000
3.711477680776577e-002	3.698287e+000
3.711482663571507e-002	3.700432e+000
3.711488171824919e-002	3.701399e+000
3.711493700270414e-002	3.701459e+000
3.711499546412325e-002	3.701333e+000
3.711572398651784e-002	3.701051e+000
3.711575223035114e-002	3.699775e+000
3.711577094202134e-002	3.696411e+000
3.711579176428566e-002	3.690620e+000
3.711581268534139e-002	3.685352e+000
3.711582685192619e-002	3.682829e+000
3.711584313739123e-002	3.681036e+000
3.711585958711421e-002	3.680060e+000
3.711587845634710e-002	3.679627e+000
3.711589248178697e-002	3.679611e+000
3.711590668886625e-002	3.679757e+000
3.711594008350417e-002	3.680207e+000
3.711595935292264e-002	3.680398e+000
3.711597995464426e-002	3.680514e+000
3.711600679351954e-002	3.680553e+000
3.711604269813947e-002	3.680500e+000
3.711612957112399e-002	3.680276e+000
3.711625737044123e-002	3.680045e+000
3.711677622310985e-002	3.679227e+000
3.711900719430832e-002	3.675859e+000
3.716447282954621e-002	3.607707e+000
3.720993846478411e-002	3.539558e+000
3.725540410002200e-002	3.471413e+000
3.730086973525990e-002	3.403271e+000
3.734633537049779e-002	3.335133e+000
3.739180100573569e-002	3.266998e+000
3.743726664097358e-002	3.198867e+000
3.767164164097357e-002	2.847694e+000
3.790601664097357e-002	2.496604e+000
3.814039164097356e-002	2.145597e+000
3.837476664097356e-002	1.794671e+000
3.860914164097355e-002	1.443828e+000
3.884351664097355e-002	1.093068e+000
3.907789164097354e-002	7.423892e-001
3.939039164097354e-002	2.749459e-001
3.946851664097353e-002	1.581074e-001
3.952885584007981e-002	6.787457e-002
3.959615870257578e-002	-3.276478e-002
3.967428370257578e-002	-1.495786e-001
3.974461078156022e-002	-2.547273e-001
3.975313346846039e-002	-2.674692e-001
3.977017884226071e-002	-2.929523e-001
3.977040966603357e-002	-2.932974e-001
3.977087131357929e-002	-2.939875e-001
3.977179460867072e-002	-2.953679e-001
3.977364119885360e-002	-2.981286e-001
3.977733437921935e-002	-3.036499e-001
3.977910159105078e-002	-3.062919e-001
3.978263601471365e-002	-3.115759e-001
3.978285055946070e-002	-3.118966e-001
3.978327964895480e-002	-3.125381e-001
3.978351440110746e-002	-3.128890e-001
3.978367796696787e-002	-3.131336e-001
3.978389469750590e-002	-3.134576e-001
3.978400763846174e-002	-3.136264e-001
3.978412829342105e-002	-3.138068e-001
3.978428466886775e-002	-3.140406e-001
3.978452239121412e-002	-3.143960e-001
3.978473788390093e-002	-3.147181e-001
3.978490597366270e-002	-3.149694e-001
3.978502688363721e-002	-3.151502e-001
3.978518068477170e-002	-3.153801e-001
3.978533230300649e-002	-3.156068e-001
3.978562667227255e-002	-3.160469e-001
3.978609369729556e-002	-3.167451e-001
3.978653573563237e-002	-3.174059e-001
3.978682207287598e-002	-3.178340e-001
3.978711408711952e-002	-3.182705e-001
3.978741648820096e-002	-3.187226e-001
3.978773936401138e-002	-3.192053e-001
3.978807834759878e-002	-3.197121e-001
3.978860917809513e-002	-3.205057e-001
3.978916852722495e-002	-3.213419e-001
3.978972433201768e-002	-3.221728e-001
3.978999088831301e-002	-3.225713e-001
3.979013791865548e-002	-3.227911e-001
3.979020182682777e-002	-3.228867e-001
3.979026424257637e-002	-3.229800e-001
3.979033407838153e-002	-3.230844e-001
3.979043192114457e-002	-3.232307e-001
3.979053952177043e-002	-3.233915e-001
3.979073136459105e-002	-3.236783e-001
3.979091508149948e-002	-3.239530e-001
3.979123003295013e-002	-3.244238e-001
3.979156050438620e-002	-3.249179e-001
3.979222144725834e-002	-3.259060e-001
3.979247575962670e-002	-3.262862e-001
3.979277922027572e-002	-3.267398e-001
3.979293172012795e-002	-3.269678e-001
3.979310539673067e-002	-3.272275e-001
3.979327022350676e-002	-3.274739e-001
3.979359987705895e-002	-3.279667e-001
3.979419444086932e-002	-3.288556e-001
3.979538356849006e-002	-3.306333e-001
3.979776182373156e-002	-3.341887e-001
3.980023643896483e-002	-3.378882e-001
3.980421974995636e-002	-3.438431e-001
3.980991640279329e-002	-3.523594e-001
3.982130970846715e-002	-3.693917e-001
3.984409631981486e-002	-4.034556e-001
3.988966954251028e-002	-4.715808e-001
3.996779454251028e-002	-5.883595e-001
4.004591954251028e-002	-7.051300e-001
4.012404454251028e-002	-8.218919e-001
4.018217108594115e-002	-9.087591e-001
4.032541068513804e-002	-1.122801e+000
4.046865028433494e-002	-1.336812e+000
4.061188988353183e-002	-1.550792e+000
4.075512948272872e-002	-1.764742e+000
4.089836908192561e-002	-1.978661e+000
4.104160868112251e-002	-2.192549e+000
4.118484828031940e-002	-2.406407e+000
4.128529470889082e-002	-2.556425e+000
4.138574113746225e-002	-2.706343e+000
4.148618756603367e-002	-2.856162e+000
4.158663399460510e-002	-3.005882e+000
4.168708042317653e-002	-3.155502e+000
4.178752685174796e-002	-3.305023e+000
4.188797328031938e-002	-3.454445e+000
4.196609828031938e-002	-3.570421e+000
4.197586390531938e-002	-3.584899e+000
4.199539515531938e-002	-3.613815e+000
4.201906794293711e-002	-3.648832e+000
4.202217199174347e-002	-3.653418e+000
4.202838008935618e-002	-3.662582e+000
4.202993211375936e-002	-3.664872e+000
4.203303616256571e-002	-3.669449e+000
4.203381217476730e-002	-3.670593e+000
4.203536419917048e-002	-3.672880e+000
4.203667553445283e-002	-3.674812e+000
4.203694393386282e-002	-3.675208e+000
4.203748073268281e-002	-3.675999e+000
4.203822355558572e-002	-3.677095e+000
4.203879073775883e-002	-3.677934e+000
4.203920800719943e-002	-3.678555e+000
4.203951193240491e-002	-3.679015e+000
4.203976444977899e-002	-3.679409e+000
4.203994907833140e-002	-3.679720e+000
4.204007396942728e-002	-3.679965e+000
4.204016203761445e-002	-3.680187e+000
4.204023255021121e-002	-3.680444e+000
4.204029681723616e-002	-3.680807e+000
4.204036368716723e-002	-3.681380e+000
4.204043775394881e-002	-3.682289e+000
4.204051896435945e-002	-3.683777e+000
4.204060999733347e-002	-3.686378e+000
4.204069264113292e-002	-3.690008e+000
4.204078674412147e-002	-3.695480e+000
4.204083450385004e-002	-3.698354e+000
4.204088421316271e-002	-3.700528e+000
4.204093934367284e-002	-3.701531e+000
4.204099469576103e-002	-3.701621e+000
4.204105312437606e-002	-3.701519e+000
4.204120508336253e-002	-3.701611e+000
4.204155127991228e-002	-3.701674e+000
4.204177077740354e-002	-3.701533e+000
4.204179837825159e-002	-3.700127e+000
4.204181660461626e-002	-3.696594e+000
4.204183788890231e-002	-3.690389e+000
4.204185550120361e-002	-3.685804e+000
4.204186917767178e-002	-3.683242e+000
4.204188534436005e-002	-3.681300e+000
4.204190244515567e-002	-3.680190e+000
4.204192482201146e-002	-3.679642e+000
4.204193944246055e-002	-3.679633e+000
4.204195341445226e-002	-3.679796e+000
4.204198663568529e-002	-3.680260e+000
4.204200609770105e-002	-3.680452e+000
4.204202684815622e-002	-3.680564e+000
4.204205433688565e-002	-3.680595e+000
4.204209182166181e-002	-3.680533e+000
4.204217718337461e-002	-3.680311e+000
4.204230916744656e-002	-3.680075e+000
4.204283910419967e-002	-3.679241e+000
4.204507735505431e-002	-3.675862e+000
4.209063945425298e-002	-3.607560e+000
4.213620155345167e-002	-3.539261e+000
4.218176365265034e-002	-3.470965e+000
4.222732575184902e-002	-3.402673e+000
4.227288785104769e-002	-3.334385e+000
4.231844995024638e-002	-3.266100e+000
4.236401204944505e-002	-3.197818e+000
4.273231562087362e-002	-2.645971e+000
4.310061919230218e-002	-2.094330e+000
4.346892276373075e-002	-1.542895e+000
4.383722633515931e-002	-9.916672e-001
4.420552990658787e-002	-4.406459e-001
4.457383347801643e-002	1.101688e-001
4.494213704944500e-002	6.607770e-001
4.513186919230214e-002	9.443453e-001
4.532160133515927e-002	1.227858e+000
4.551133347801641e-002	1.511314e+000
4.570106562087355e-002	1.794714e+000
4.589079776373069e-002	2.078057e+000
4.608052990658783e-002	2.361345e+000
4.627026204944497e-002	2.644577e+000
4.634838704944497e-002	2.761160e+000
4.642651204944497e-002	2.877705e+000
4.650463704944496e-002	2.994201e+000
4.658276204944496e-002	3.110635e+000
4.666088704944496e-002	3.226992e+000
4.673901204944496e-002	3.343276e+000
4.674877767444496e-002	3.357803e+000
4.676830892444496e-002	3.386847e+000
4.677094072930289e-002	3.390760e+000
4.677620433901873e-002	3.398586e+000
4.677840100626201e-002	3.401851e+000
4.678060541183445e-002	3.405128e+000
4.678174770962741e-002	3.406826e+000
4.678246508859920e-002	3.407892e+000
4.678295195298814e-002	3.408616e+000
4.678335965986512e-002	3.409222e+000
4.678377549465719e-002	3.409840e+000
4.678442143202581e-002	3.410800e+000
4.678506449634018e-002	3.411756e+000
4.678559763784339e-002	3.412549e+000
4.678614033513708e-002	3.413355e+000
4.678672014934412e-002	3.414217e+000
4.678736650062212e-002	3.415178e+000
4.678804630040837e-002	3.416188e+000
4.678880876622341e-002	3.417321e+000
4.678962649463065e-002	3.418537e+000
4.679056715082220e-002	3.419935e+000
4.679144208116736e-002	3.421235e+000
4.679199505763773e-002	3.422057e+000
4.679233605132289e-002	3.422564e+000
4.679262174310630e-002	3.422988e+000
4.679274824949075e-002	3.423177e+000
4.679289057695936e-002	3.423388e+000
4.679303471100978e-002	3.423602e+000
4.679321045107646e-002	3.423863e+000
4.679329962678653e-002	3.423996e+000
4.679337889124174e-002	3.424114e+000
4.679347738244462e-002	3.424260e+000
4.679356760195346e-002	3.424394e+000
4.679366944786188e-002	3.424546e+000
4.679387313967873e-002	3.424848e+000
4.679414871210672e-002	3.425258e+000
4.679449502400514e-002	3.425772e+000
4.679493683843521e-002	3.426429e+000
4.679553307827963e-002	3.427315e+000
4.679637492260277e-002	3.428566e+000
4.679765693931795e-002	3.430471e+000
4.679952631102628e-002	3.433249e+000
4.679956987483498e-002	3.433314e+000
4.679965700245240e-002	3.433444e+000
4.679983125768723e-002	3.433702e+000
4.680017976815690e-002	3.434220e+000
4.680087678909625e-002	3.435256e+000
4.680211177318420e-002	3.437091e+000
4.680332513994367e-002	3.438894e+000
4.680506361532390e-002	3.441477e+000
4.680715282849288e-002	3.444582e+000
4.681040979217559e-002	3.449420e+000
4.681467815984589e-002	3.455761e+000
4.682309779056802e-002	3.468267e+000
4.683574658679426e-002	3.487051e+000
4.685145311713117e-002	3.510367e+000
4.687177427742245e-002	3.540516e+000
4.689906389667021e-002	3.580966e+000
4.693680386303937e-002	3.636843e+000
4.694287295253444e-002	3.645815e+000
4.695501113152457e-002	3.663739e+000
4.695610201363754e-002	3.665348e+000
4.695828377786349e-002	3.668565e+000
4.696132900018172e-002	3.673053e+000
4.696184942451652e-002	3.673820e+000
4.696289027318611e-002	3.675354e+000
4.696366534027806e-002	3.676497e+000
4.696430884237397e-002	3.677447e+000
4.696478620000019e-002	3.678155e+000
4.696515250365008e-002	3.678703e+000
4.696543407495094e-002	3.679132e+000
4.696565951527896e-002	3.679492e+000
4.696581906080701e-002	3.679773e+000
4.696592797683193e-002	3.680003e+000
4.696600820219660e-002	3.680231e+000
4.696607559014364e-002	3.680517e+000
4.696613972106264e-002	3.680942e+000
4.696621029847228e-002	3.681631e+000
4.696628429348489e-002	3.682674e+000
4.696637244709312e-002	3.684564e+000
4.696646042275983e-002	3.687525e+000
4.696654489502693e-002	3.691693e+000
4.696663540516068e-002	3.697074e+000
4.696668681305926e-002	3.699667e+000
4.696674617697506e-002	3.701214e+000
4.696680027148482e-002	3.701492e+000
4.696693079706872e-002	3.701315e+000
4.696700065738525e-002	3.701347e+000
4.696714037801832e-002	3.701368e+000
4.696729141456361e-002	3.701307e+000
4.696759348765419e-002	3.697630e+000
4.696767209181378e-002	3.690822e+000
4.696772152573064e-002	3.682745e+000
4.696774076758495e-002	3.680305e+000
4.696775087639210e-002	3.679760e+000
4.696776394557823e-002	3.679482e+000
4.696777633008023e-002	3.679439e+000
4.696779020510324e-002	3.679560e+000
4.696782258294144e-002	3.680037e+000
4.696784068700525e-002	3.680267e+000
4.696785957770178e-002	3.680428e+000
4.696788337109149e-002	3.680518e+000
4.696791264153069e-002	3.680514e+000
4.696801588227977e-002	3.680262e+000
4.696806519744092e-002	3.680159e+000
4.696823524768377e-002	3.679881e+000
4.696834821123726e-002	3.679701e+000
4.696857413834425e-002	3.679348e+000
4.696900061376300e-002	3.678696e+000
4.696970970378476e-002	3.677624e+000
4.697067358260088e-002	3.676175e+000
4.697173067913005e-002	3.674588e+000
4.697304501020971e-002	3.672617e+000
4.697463941784338e-002	3.670226e+000
4.697684783907402e-002	3.666916e+000
4.697987777360110e-002	3.662374e+000
4.702216578549914e-002	3.598987e+000
4.706445379739718e-002	3.535603e+000
4.710674180929522e-002	3.472222e+000
4.714902982119326e-002	3.408843e+000
4.719131783309130e-002	3.345466e+000
4.723360584498935e-002	3.282093e+000
4.727589385688739e-002	3.218721e+000
4.735401885688739e-002	3.101653e+000
4.743214385688738e-002	2.984594e+000
4.751026885688738e-002	2.867544e+000
4.758839385688738e-002	2.750501e+000
4.759014009467327e-002	2.747885e+000
4.759363257024506e-002	2.742653e+000
4.759949861914250e-002	2.733866e+000
4.760569721143914e-002	2.724580e+000
4.761629188408718e-002	2.708709e+000
4.761669653392579e-002	2.708103e+000
4.761750583360303e-002	2.706890e+000
4.761912443295750e-002	2.704466e+000
4.762236163166645e-002	2.699616e+000
4.762366463979651e-002	2.697664e+000
4.762450878997018e-002	2.696400e+000
4.762494625483649e-002	2.695745e+000
4.762534219459522e-002	2.695151e+000
4.762556300989333e-002	2.694821e+000
4.762577792278325e-002	2.694499e+000
4.762605801135937e-002	2.694079e+000
4.762639458323384e-002	2.693575e+000
4.762685065077497e-002	2.692892e+000
4.762727157073015e-002	2.692261e+000
4.762762191894156e-002	2.691736e+000
4.762791468083178e-002	2.691298e+000
4.762820675169288e-002	2.690860e+000
4.762849869889141e-002	2.690423e+000
4.762882606129567e-002	2.689933e+000
4.762926982835593e-002	2.689268e+000
4.762963593748668e-002	2.688719e+000
4.763008696416791e-002	2.688044e+000
4.763054647448326e-002	2.687355e+000
4.763103936280741e-002	2.686617e+000
4.763155483487219e-002	2.685845e+000
4.763258577900174e-002	2.684300e+000
4.763382381134822e-002	2.682446e+000
4.763516454687971e-002	2.680438e+000
4.763639039780035e-002	2.678601e+000
4.763763320475852e-002	2.676739e+000
4.763813358253301e-002	2.675990e+000
4.763837083354831e-002	2.675635e+000
4.763853206750957e-002	2.675393e+000
4.763865293870797e-002	2.675212e+000
4.763877765892450e-002	2.675025e+000
4.763897367566986e-002	2.674731e+000
4.763918153938705e-002	2.674420e+000
4.763954697484650e-002	2.673873e+000
4.763992893880389e-002	2.673301e+000
4.764060710167841e-002	2.672285e+000
4.764126260345373e-002	2.671303e+000
4.764257360700436e-002	2.669339e+000
4.764317556205817e-002	2.668437e+000
4.764352688125589e-002	2.667911e+000
4.764388542396052e-002	2.667374e+000
4.764425783512882e-002	2.666816e+000
4.764500265746541e-002	2.665700e+000
4.764608688109978e-002	2.664076e+000
4.764774657302730e-002	2.661590e+000
4.765089878720385e-002	2.656868e+000
4.765593764907951e-002	2.649320e+000
4.766418805872701e-002	2.636961e+000
4.768068887802202e-002	2.612244e+000
4.771119138343055e-002	2.566555e+000
4.776897800478618e-002	2.480001e+000
4.784710300478617e-002	2.362991e+000
4.792522800478617e-002	2.245990e+000
4.800335300478617e-002	2.128998e+000
4.808147800478617e-002	2.012015e+000
4.815960300478617e-002	1.895041e+000
4.823772800478617e-002	1.778077e+000
4.831585300478616e-002	1.661121e+000
4.839397800478616e-002	1.544175e+000
4.847210300478616e-002	1.427237e+000
4.855022800478616e-002	1.310309e+000
4.862835300478616e-002	1.193390e+000
4.878460300478615e-002	9.595799e-001
4.894085300478615e-002	7.258060e-001
4.917522800478615e-002	3.752137e-001
4.928683514764329e-002	2.082939e-001
4.939844229050042e-002	4.139276e-002
4.951004943335757e-002	-1.254898e-001
4.962165657621471e-002	-2.923537e-001
4.973326371907185e-002	-4.591989e-001
4.984487086192899e-002	-6.260255e-001
4.995647800478613e-002	-7.928334e-001
5.011272800478613e-002	-1.026333e+000
5.024665657621470e-002	-1.226447e+000
5.038058514764326e-002	-1.426534e+000
5.051451371907183e-002	-1.626594e+000
5.064844229050040e-002	-1.826627e+000
5.078237086192897e-002	-2.026633e+000
5.091629943335754e-002	-2.226613e+000
5.105022800478611e-002	-2.426566e+000
5.113951371907182e-002	-2.559895e+000
5.122879943335753e-002	-2.693155e+000
5.131808514764324e-002	-2.826344e+000
5.140737086192895e-002	-2.959464e+000
5.149665657621467e-002	-3.092515e+000
5.158594229050038e-002	-3.225495e+000
5.167522800478609e-002	-3.358406e+000
5.175335300478609e-002	-3.474495e+000
5.183147800478609e-002	-3.590426e+000
5.184124362978609e-002	-3.604895e+000
5.186077487978609e-002	-3.633797e+000
5.186565769228609e-002	-3.641017e+000
5.187542331728609e-002	-3.655445e+000
5.187786472353609e-002	-3.659049e+000
5.188274753603609e-002	-3.666253e+000
5.188396823916109e-002	-3.668053e+000
5.188640964541109e-002	-3.671652e+000
5.188701999697359e-002	-3.672551e+000
5.188824070009859e-002	-3.674350e+000
5.188922805955663e-002	-3.675805e+000
5.188999920265924e-002	-3.676942e+000
5.189054637894806e-002	-3.677751e+000
5.189098084259025e-002	-3.678397e+000
5.189130717102532e-002	-3.678887e+000
5.189157907125844e-002	-3.679307e+000
5.189178338447705e-002	-3.679642e+000
5.189192285683338e-002	-3.679901e+000
5.189201862009128e-002	-3.680124e+000
5.189209249607297e-002	-3.680365e+000
5.189215761627123e-002	-3.680690e+000
5.189222273710364e-002	-3.681193e+000
5.189229831018756e-002	-3.682037e+000
5.189237434941511e-002	-3.683291e+000
5.189246735317785e-002	-3.685673e+000
5.189255192374996e-002	-3.689058e+000
5.189264171358277e-002	-3.694023e+000
5.189269672108157e-002	-3.697448e+000
5.189274304142463e-002	-3.699805e+000
5.189280137387985e-002	-3.701312e+000
5.189286034391958e-002	-3.701634e+000
5.189299185850956e-002	-3.701531e+000
5.189320169566983e-002	-3.701670e+000
5.189335526138302e-002	-3.701668e+000
5.189366239280939e-002	-3.695244e+000
5.189374251460958e-002	-3.687473e+000
5.189381542089868e-002	-3.679040e+000
5.189383108329005e-002	-3.678645e+000
5.189385539587253e-002	-3.679410e+000
5.189386879158683e-002	-3.679801e+000
5.189388376431600e-002	-3.680149e+000
5.189390202103029e-002	-3.680436e+000
5.189392204431714e-002	-3.680595e+000
5.189394950837260e-002	-3.680634e+000
5.189398531178980e-002	-3.680548e+000
5.189405852271868e-002	-3.680309e+000
5.189409981367624e-002	-3.680220e+000
5.189430973112623e-002	-3.679882e+000
5.189451964857622e-002	-3.679549e+000
5.189472956602621e-002	-3.679220e+000
5.189493948347620e-002	-3.678895e+000
5.189514940092618e-002	-3.678575e+000
5.189535931837618e-002	-3.678260e+000
5.189556923582616e-002	-3.677948e+000
5.189750272019241e-002	-3.675045e+000
5.189943620455867e-002	-3.672143e+000
5.190136968892492e-002	-3.669242e+000
5.190330317329118e-002	-3.666342e+000
5.190523665765743e-002	-3.663443e+000
5.190717014202369e-002	-3.660545e+000
5.190910362638994e-002	-3.657649e+000
5.202353545786709e-002	-3.486116e+000
5.210166045786709e-002	-3.369017e+000
5.217978545786708e-002	-3.251928e+000
5.225791045786708e-002	-3.134847e+000
5.232848678912475e-002	-3.029088e+000
5.240661178912474e-002	-2.912024e+000
5.243577747146302e-002	-2.868324e+000
5.244306889204759e-002	-2.857399e+000
5.245765173321673e-002	-2.835550e+000
5.246497355015279e-002	-2.824580e+000
5.247100802694110e-002	-2.815539e+000
5.247437963121129e-002	-2.810488e+000
5.247708423695423e-002	-2.806435e+000
5.247891229682133e-002	-2.803696e+000
5.248074055873967e-002	-2.800957e+000
5.248311883139881e-002	-2.797394e+000
5.248426491306551e-002	-2.795677e+000
5.248495553051048e-002	-2.794642e+000
5.248539960220978e-002	-2.793977e+000
5.248582836397212e-002	-2.793335e+000
5.248625177421257e-002	-2.792700e+000
5.248677531254681e-002	-2.791916e+000
5.248735055080256e-002	-2.791054e+000
5.248783877985836e-002	-2.790323e+000
5.248837920637284e-002	-2.789513e+000
5.248895528434010e-002	-2.788650e+000
5.248958396651897e-002	-2.787708e+000
5.249024162161342e-002	-2.786723e+000
5.249096204497235e-002	-2.785643e+000
5.249173969456351e-002	-2.784478e+000
5.249259593853961e-002	-2.783195e+000
5.249343137162919e-002	-2.781944e+000
5.249385049423362e-002	-2.781316e+000
5.249412531019908e-002	-2.780904e+000
5.249428194252412e-002	-2.780669e+000
5.249439453685775e-002	-2.780501e+000
5.249453020262391e-002	-2.780298e+000
5.249465540409854e-002	-2.780110e+000
5.249482943310065e-002	-2.779849e+000
5.249497712784904e-002	-2.779628e+000
5.249505651942159e-002	-2.779509e+000
5.249514047365010e-002	-2.779383e+000
5.249523322291624e-002	-2.779244e+000
5.249531858336300e-002	-2.779116e+000
5.249548930425653e-002	-2.778861e+000
5.249573227725061e-002	-2.778497e+000
5.249605491018397e-002	-2.778013e+000
5.249645494847496e-002	-2.777414e+000
5.249699539325568e-002	-2.776604e+000
5.249773543384748e-002	-2.775495e+000
5.249884502061964e-002	-2.773833e+000
5.250062280732113e-002	-2.771169e+000
5.250163657821533e-002	-2.769651e+000
5.250312735373843e-002	-2.767417e+000
5.250454878679375e-002	-2.765288e+000
5.250589341589509e-002	-2.763273e+000
5.250786605816495e-002	-2.760318e+000
5.251071391732593e-002	-2.756051e+000
5.251490620426527e-002	-2.749770e+000
5.252170224167863e-002	-2.739589e+000
5.253443489691376e-002	-2.720513e+000
5.254799670427082e-002	-2.700196e+000
5.256810512674590e-002	-2.670071e+000
5.259169973844300e-002	-2.634725e+000
5.262890503841965e-002	-2.578991e+000
5.267198713672104e-002	-2.514455e+000
5.273503208783160e-002	-2.420022e+000
5.280908353780194e-002	-2.309109e+000
5.288720853780194e-002	-2.192104e+000
5.295440683890755e-002	-2.091470e+000
5.302553366441903e-002	-1.984962e+000
5.339383723584760e-002	-1.433568e+000
5.376214080727616e-002	-8.823817e-001
5.413044437870473e-002	-3.314014e-001
5.449874795013329e-002	2.193724e-001
5.486705152156185e-002	7.699399e-001
5.523535509299041e-002	1.320301e+000
5.560365866441898e-002	1.870456e+000
5.568178366441898e-002	1.987131e+000
5.575990866441898e-002	2.103796e+000
5.583803366441897e-002	2.220449e+000
5.591615866441897e-002	2.337092e+000
5.599428366441897e-002	2.453722e+000
5.607240866441897e-002	2.570342e+000
5.615053366441897e-002	2.686950e+000
5.622865866441897e-002	2.803520e+000
5.628446223584754e-002	2.886776e+000
5.634026580727611e-002	2.969991e+000
5.639606937870468e-002	3.053167e+000
5.645187295013324e-002	3.136302e+000
5.650767652156181e-002	3.219397e+000
5.656348009299039e-002	3.302452e+000
5.661928366441896e-002	3.385467e+000
5.669740866441896e-002	3.501507e+000
5.677553366441895e-002	3.617361e+000
5.678529928941895e-002	3.631814e+000
5.680483053941896e-002	3.660673e+000
5.680590571537343e-002	3.662260e+000
5.680805606728239e-002	3.665431e+000
5.681235677110031e-002	3.671772e+000
5.681299236475182e-002	3.672709e+000
5.681426355205484e-002	3.674582e+000
5.681516965154403e-002	3.675917e+000
5.681592311920915e-002	3.677029e+000
5.681645725025829e-002	3.677819e+000
5.681687708001105e-002	3.678443e+000
5.681718796670723e-002	3.678912e+000
5.681745344120879e-002	3.679324e+000
5.681764800095743e-002	3.679648e+000
5.681777916643382e-002	3.679900e+000
5.681786999464629e-002	3.680122e+000
5.681794159121733e-002	3.680372e+000
5.681800606327209e-002	3.680720e+000
5.681807217368302e-002	3.681265e+000
5.681814664333332e-002	3.682146e+000
5.681822588806666e-002	3.683539e+000
5.681831781379829e-002	3.686054e+000
5.681840110958836e-002	3.689581e+000
5.681849374767930e-002	3.694859e+000
5.681854348063461e-002	3.697895e+000
5.681859112629318e-002	3.700121e+000
5.681864665073978e-002	3.701306e+000
5.681870107444374e-002	3.701467e+000
5.681882673877028e-002	3.701313e+000
5.681905735215086e-002	3.701360e+000
5.681921805153839e-002	3.701174e+000
5.681953945031344e-002	3.692549e+000
5.681961376499600e-002	3.684515e+000
5.681967757485831e-002	3.678068e+000
5.681968735017563e-002	3.678154e+000
5.681969965944921e-002	3.678803e+000
5.681971296790439e-002	3.679420e+000
5.681972643780122e-002	3.679914e+000
5.681974196453644e-002	3.680311e+000
5.681975985400591e-002	3.680570e+000
5.681978356165998e-002	3.680681e+000
5.681981655649319e-002	3.680623e+000
5.681987907900470e-002	3.680350e+000
5.681991070691911e-002	3.680252e+000
5.681995811081617e-002	3.680156e+000
5.682025995309175e-002	3.679679e+000
5.682056179536733e-002	3.679207e+000
5.682086363764291e-002	3.678740e+000
5.682116547991849e-002	3.678278e+000
5.682146732219407e-002	3.677821e+000
5.682176916446965e-002	3.677369e+000
5.682207100674523e-002	3.676922e+000
5.682648145924697e-002	3.670307e+000
5.683089191174870e-002	3.663694e+000
5.683530236425043e-002	3.657081e+000
5.683971281675216e-002	3.650469e+000
5.684412326925389e-002	3.643858e+000
5.684853372175563e-002	3.637248e+000
5.685294417425736e-002	3.630638e+000
5.710933063724115e-002	3.246380e+000
5.736571710022494e-002	2.862220e+000
5.762210356320873e-002	2.478158e+000
5.787849002619253e-002	2.094194e+000
5.813487648917631e-002	1.710329e+000
5.839126295216011e-002	1.326562e+000
5.864764941514390e-002	9.428937e-001
5.872577441514389e-002	8.260035e-001
5.880389941514389e-002	7.091224e-001
5.888202441514389e-002	5.922505e-001
5.896014941514389e-002	4.753877e-001
5.903827441514389e-002	3.585340e-001
5.911639941514389e-002	2.416895e-001
5.919452441514388e-002	1.248541e-001
5.927264941514388e-002	8.027876e-003
5.935077441514388e-002	-1.087896e-001
5.941558529185472e-002	-2.056920e-001
5.948343188161564e-002	-3.071259e-001
5.956155688161564e-002	-4.239200e-001
5.957036240005077e-002	-4.370834e-001
5.958797343692102e-002	-4.634095e-001
5.959237619613858e-002	-4.699909e-001
5.960118171457371e-002	-4.831537e-001
5.960560600026436e-002	-4.897672e-001
5.960936845275815e-002	-4.953914e-001
5.961217200052427e-002	-4.995821e-001
5.961590486290695e-002	-5.051621e-001
5.961981091934537e-002	-5.110009e-001
5.961999532856979e-002	-5.112765e-001
5.962036414701864e-002	-5.118278e-001
5.962110178391632e-002	-5.129305e-001
5.962148985738307e-002	-5.135105e-001
5.962188102396397e-002	-5.140952e-001
5.962210830845179e-002	-5.144350e-001
5.962226669395029e-002	-5.146717e-001
5.962243517695153e-002	-5.149236e-001
5.962258089795238e-002	-5.151414e-001
5.962268047182785e-002	-5.152903e-001
5.962280076606092e-002	-5.154700e-001
5.962304135452707e-002	-5.158297e-001
5.962328007115703e-002	-5.161865e-001
5.962353074593329e-002	-5.165612e-001
5.962367364631462e-002	-5.167748e-001
5.962380460865588e-002	-5.169706e-001
5.962394808538503e-002	-5.171850e-001
5.962417107375597e-002	-5.175184e-001
5.962457656154808e-002	-5.181245e-001
5.962499587613369e-002	-5.187513e-001
5.962534301515067e-002	-5.192702e-001
5.962558991522275e-002	-5.196393e-001
5.962589162079961e-002	-5.200902e-001
5.962619862533169e-002	-5.205491e-001
5.962648447711875e-002	-5.209764e-001
5.962700050793066e-002	-5.217478e-001
5.962754732566398e-002	-5.225652e-001
5.962810567417196e-002	-5.233998e-001
5.962867607269684e-002	-5.242524e-001
5.962887574329703e-002	-5.245509e-001
5.962895321822473e-002	-5.246667e-001
5.962903055651014e-002	-5.247823e-001
5.962910989319947e-002	-5.249009e-001
5.962922420591504e-002	-5.250717e-001
5.962934893548610e-002	-5.252582e-001
5.962956333308913e-002	-5.255787e-001
5.962978843831480e-002	-5.259151e-001
5.963023864876614e-002	-5.265881e-001
5.963066158618322e-002	-5.272203e-001
5.963096025196452e-002	-5.276667e-001
5.963115064266700e-002	-5.279514e-001
5.963136062286849e-002	-5.282652e-001
5.963148969445153e-002	-5.284582e-001
5.963163260962618e-002	-5.286718e-001
5.963180117037280e-002	-5.289237e-001
5.963210659082582e-002	-5.293803e-001
5.963271743173185e-002	-5.302933e-001
5.963352929056004e-002	-5.315069e-001
5.963515300821643e-002	-5.339340e-001
5.963759238730663e-002	-5.375803e-001
5.964076605398776e-002	-5.423242e-001
5.964547780374891e-002	-5.493671e-001
5.965443581720720e-002	-5.627571e-001
5.967235184412376e-002	-5.895366e-001
5.970818389795690e-002	-6.430938e-001
5.977984800562317e-002	-7.502027e-001
5.985797300562317e-002	-8.669603e-001
5.993609800562317e-002	-9.837093e-001
6.000586100252847e-002	-1.087954e+000
6.007980533838463e-002	-1.198439e+000
6.015793033838462e-002	-1.315162e+000
6.030301962409890e-002	-1.531919e+000
6.044810890981319e-002	-1.748638e+000
6.059319819552747e-002	-1.965319e+000
6.073828748124176e-002	-2.181961e+000
6.088337676695604e-002	-2.398564e+000
6.102846605267032e-002	-2.615129e+000
6.117355533838460e-002	-2.831656e+000
6.122935890981317e-002	-2.914904e+000
6.128516248124175e-002	-2.998110e+000
6.134096605267032e-002	-3.081272e+000
6.139676962409888e-002	-3.164392e+000
6.145257319552745e-002	-3.247469e+000
6.150837676695602e-002	-3.330504e+000
6.156418033838459e-002	-3.413495e+000
6.164230533838459e-002	-3.529473e+000
6.172043033838459e-002	-3.645234e+000
6.172384555743808e-002	-3.650284e+000
6.173067599554506e-002	-3.660369e+000
6.173238360507181e-002	-3.662889e+000
6.173579882412530e-002	-3.667926e+000
6.173665262888867e-002	-3.669185e+000
6.173836023841541e-002	-3.671702e+000
6.174007692329492e-002	-3.674231e+000
6.174040890233192e-002	-3.674720e+000
6.174107286040594e-002	-3.675699e+000
6.174184810490331e-002	-3.676842e+000
6.174245657229887e-002	-3.677742e+000
6.174290393045510e-002	-3.678406e+000
6.174323549702323e-002	-3.678905e+000
6.174350484246299e-002	-3.679321e+000
6.174370598819919e-002	-3.679652e+000
6.174384283301968e-002	-3.679908e+000
6.174393742094327e-002	-3.680130e+000
6.174401086172399e-002	-3.680372e+000
6.174407588279191e-002	-3.680701e+000
6.174414115635610e-002	-3.681211e+000
6.174421651304926e-002	-3.682060e+000
6.174429305316756e-002	-3.683336e+000
6.174438589658259e-002	-3.685738e+000
6.174447013354503e-002	-3.689140e+000
6.174456033582990e-002	-3.694155e+000
6.174461444670926e-002	-3.697521e+000
6.174466086347036e-002	-3.699863e+000
6.174471867711576e-002	-3.701326e+000
6.174477793274116e-002	-3.701631e+000
6.174490869564005e-002	-3.701531e+000
6.174512031750995e-002	-3.701670e+000
6.174527504807568e-002	-3.701667e+000
6.174558450920714e-002	-3.695111e+000
6.174565587670755e-002	-3.687830e+000
6.174572965103910e-002	-3.678837e+000
6.174574403011112e-002	-3.678479e+000
6.174576785694655e-002	-3.679309e+000
6.174578082671543e-002	-3.679725e+000
6.174579545070275e-002	-3.680101e+000
6.174581310066531e-002	-3.680414e+000
6.174583249760841e-002	-3.680596e+000
6.174585861782087e-002	-3.680653e+000
6.174589665116144e-002	-3.680568e+000
6.174596896319517e-002	-3.680321e+000
6.174600810693226e-002	-3.680233e+000
6.174621085996397e-002	-3.679906e+000
6.174641361299568e-002	-3.679583e+000
6.174661636602739e-002	-3.679265e+000
6.174681911905909e-002	-3.678951e+000
6.174702187209080e-002	-3.678641e+000
6.174722462512251e-002	-3.678336e+000
6.174742737815422e-002	-3.678035e+000
6.175032045905109e-002	-3.673693e+000
6.175321353994798e-002	-3.669352e+000
6.175610662084485e-002	-3.665012e+000
6.175899970174173e-002	-3.660673e+000
6.176189278263861e-002	-3.656336e+000
6.176478586353549e-002	-3.652000e+000
6.176767894443237e-002	-3.647666e+000
6.206103665963852e-002	-3.207963e+000
6.235439437484467e-002	-2.768391e+000
6.264775209005082e-002	-2.328950e+000
6.294110980525697e-002	-1.889641e+000
6.323446752046312e-002	-1.450462e+000
6.352782523566927e-002	-1.011414e+000
6.382118295087542e-002	-5.724965e-001
6.413368295087542e-002	-1.050796e-001
6.444618295087541e-002	3.621863e-001
6.475868295087540e-002	8.293013e-001
6.507118295087540e-002	1.296265e+000
6.538368295087539e-002	1.763079e+000
6.569618295087538e-002	2.229741e+000
6.600868295087538e-002	2.696252e+000
6.608680795087538e-002	2.812819e+000
6.616493295087537e-002	2.929344e+000
6.624305795087537e-002	3.045815e+000
6.632104178376401e-002	3.162007e+000
6.639916678376401e-002	3.278322e+000
6.647729178376401e-002	3.394521e+000
6.655541678376400e-002	3.510610e+000
6.656068287876479e-002	3.518428e+000
6.656691536050066e-002	3.527677e+000
6.657021665399963e-002	3.532575e+000
6.657235589489700e-002	3.535749e+000
6.657363344025255e-002	3.537644e+000
6.657442380457297e-002	3.538817e+000
6.657495148715240e-002	3.539600e+000
6.657535269254072e-002	3.540195e+000
6.657576538163494e-002	3.540807e+000
6.657628912574817e-002	3.541584e+000
6.657688564449821e-002	3.542469e+000
6.657751199794483e-002	3.543398e+000
6.657804909218887e-002	3.544194e+000
6.657864391879592e-002	3.545077e+000
6.657923860840201e-002	3.545959e+000
6.657992899674761e-002	3.546983e+000
6.658064898631726e-002	3.548051e+000
6.658147332708700e-002	3.549273e+000
6.658236593906448e-002	3.550597e+000
6.658329794509392e-002	3.551979e+000
6.658419774847524e-002	3.553314e+000
6.658464226118087e-002	3.553973e+000
6.658496569292377e-002	3.554453e+000
6.658511089452676e-002	3.554668e+000
6.658526826386525e-002	3.554901e+000
6.658541118065653e-002	3.555113e+000
6.658552367994122e-002	3.555280e+000
6.658560582406350e-002	3.555402e+000
6.658568373281719e-002	3.555517e+000
6.658577829056202e-002	3.555658e+000
6.658587771109631e-002	3.555805e+000
6.658598725617144e-002	3.555968e+000
6.658620634632173e-002	3.556292e+000
6.658648133896941e-002	3.556700e+000
6.658685134833610e-002	3.557249e+000
6.658730595385395e-002	3.557923e+000
6.658794592782957e-002	3.558872e+000
6.658883228508172e-002	3.560186e+000
6.659023385922583e-002	3.562264e+000
6.659178355422418e-002	3.564562e+000
6.659283068782429e-002	3.566114e+000
6.659428453051086e-002	3.568269e+000
6.659556092439217e-002	3.570162e+000
6.659696771898763e-002	3.572247e+000
6.659900526969656e-002	3.575267e+000
6.660195223071166e-002	3.579634e+000
6.660614365886755e-002	3.585845e+000
6.661315658126289e-002	3.596233e+000
6.662633071870307e-002	3.615737e+000
6.664040797469142e-002	3.636555e+000
6.666110555107904e-002	3.667126e+000
6.666199526876626e-002	3.668439e+000
6.666377470414071e-002	3.671062e+000
6.666579744115123e-002	3.674042e+000
6.666613445274366e-002	3.674539e+000
6.666680847592853e-002	3.675532e+000
6.666762742932574e-002	3.676740e+000
6.666825115231384e-002	3.677662e+000
6.666870602032302e-002	3.678337e+000
6.666904208970735e-002	3.678842e+000
6.666931176750489e-002	3.679259e+000
6.666951441589228e-002	3.679591e+000
6.666965287838940e-002	3.679848e+000
6.666974860097488e-002	3.680071e+000
6.666982260224573e-002	3.680311e+000
6.666988781069397e-002	3.680637e+000
6.666995294808294e-002	3.681139e+000
6.667002855642319e-002	3.681981e+000
6.667010454890697e-002	3.683233e+000
6.667019762300654e-002	3.685611e+000
6.667028254737918e-002	3.689002e+000
6.667037247434496e-002	3.693959e+000
6.667042715168352e-002	3.697346e+000
6.667047338095046e-002	3.699682e+000
6.667053160658426e-002	3.701163e+000
6.667059055475291e-002	3.701462e+000
6.667064640455654e-002	3.701352e+000
6.667072188583549e-002	3.701303e+000
6.667079153549523e-002	3.701336e+000
6.667093083481469e-002	3.701355e+000
6.667108348553034e-002	3.701291e+000
6.667138878696163e-002	3.696808e+000
6.667146838353548e-002	3.689679e+000
6.667152861474610e-002	3.680878e+000
6.667154624197308e-002	3.679345e+000
6.667155714062431e-002	3.679160e+000
6.667157058411415e-002	3.679223e+000
6.667158619380006e-002	3.679452e+000
6.667161713314733e-002	3.680018e+000
6.667163384496680e-002	3.680254e+000
6.667165376021426e-002	3.680433e+000
6.667167673786488e-002	3.680518e+000
6.667170878847241e-002	3.680504e+000
6.667178695176178e-002	3.680293e+000
6.667183261514571e-002	3.680187e+000
6.667188900840344e-002	3.680086e+000
6.667200179491890e-002	3.679904e+000
6.667211368529194e-002	3.679724e+000
6.667229986392662e-002	3.679432e+000
6.667267222119595e-002	3.678862e+000
6.667341693573463e-002	3.677734e+000
6.667422288864205e-002	3.676521e+000
6.667536192710807e-002	3.674811e+000
6.667652266838653e-002	3.673070e+000
6.667818662914381e-002	3.670575e+000
6.668011693780247e-002	3.667682e+000
6.668316197125079e-002	3.663117e+000
6.669577463116024e-002	3.644211e+000
6.671259151103949e-002	3.619004e+000
6.674622527079800e-002	3.568591e+000
6.681349279031504e-002	3.467769e+000
6.688809110346532e-002	3.355965e+000
6.689785672846532e-002	3.341330e+000
6.691738797846532e-002	3.312059e+000
6.692719978155462e-002	3.297355e+000
6.693683464484375e-002	3.282916e+000
6.694254078733355e-002	3.274365e+000
6.694846086387667e-002	3.265494e+000
6.695608178211931e-002	3.254073e+000
6.696149313897175e-002	3.245964e+000
6.696188155291206e-002	3.245382e+000
6.696265838079270e-002	3.244218e+000
6.696421203655396e-002	3.241889e+000
6.696501966815999e-002	3.240679e+000
6.696568000687504e-002	3.239690e+000
6.696607432241886e-002	3.239099e+000
6.696637415819995e-002	3.238649e+000
6.696662911858088e-002	3.238267e+000
6.696697744718740e-002	3.237745e+000
6.696715660838518e-002	3.237477e+000
6.696737596970354e-002	3.237148e+000
6.696759004287578e-002	3.236827e+000
6.696792144369054e-002	3.236331e+000
6.696831256810604e-002	3.235744e+000
6.696877583121849e-002	3.235050e+000
6.696903329303974e-002	3.234664e+000
6.696932917602054e-002	3.234221e+000
6.696968884102471e-002	3.233682e+000
6.697004946459836e-002	3.233142e+000
6.697039270771152e-002	3.232627e+000
6.697070235324126e-002	3.232163e+000
6.697106868593987e-002	3.231614e+000
6.697148246107444e-002	3.230994e+000
6.697188590639817e-002	3.230390e+000
6.697227357430216e-002	3.229809e+000
6.697273528151847e-002	3.229117e+000
6.697365869595107e-002	3.227733e+000
6.697471583951443e-002	3.226149e+000
6.697587161941353e-002	3.224417e+000
6.697693501920211e-002	3.222823e+000
6.697800864087024e-002	3.221215e+000
6.697844532409390e-002	3.220560e+000
6.697864022741749e-002	3.220268e+000
6.697883524499983e-002	3.219976e+000
6.697896338667071e-002	3.219784e+000
6.697910237688674e-002	3.219576e+000
6.697931142948650e-002	3.219262e+000
6.697953561295933e-002	3.218926e+000
6.697998397990500e-002	3.218254e+000
6.698038909633901e-002	3.217647e+000
6.698111703581945e-002	3.216557e+000
6.698186714977614e-002	3.215432e+000
6.698234538257709e-002	3.214716e+000
6.698279318792841e-002	3.214045e+000
6.698301619869869e-002	3.213711e+000
6.698328238879310e-002	3.213312e+000
6.698358277371644e-002	3.212862e+000
6.698418354356313e-002	3.211961e+000
6.698503692397251e-002	3.210682e+000
6.698666161672531e-002	3.208248e+000
6.698983581430895e-002	3.203491e+000
6.699373239797637e-002	3.197652e+000
6.700034817599249e-002	3.187738e+000
6.701267166319755e-002	3.169272e+000
6.703731863760769e-002	3.132340e+000
6.708661258642795e-002	3.058478e+000
6.716473758642795e-002	2.941423e+000
6.724286258642795e-002	2.824377e+000
6.732098758642795e-002	2.707340e+000
6.739911258642795e-002	2.590312e+000
6.747723758642794e-002	2.473292e+000
6.755536258642794e-002	2.356283e+000
6.763348758642794e-002	2.239282e+000
6.771161258642794e-002	2.122290e+000
6.778973758642794e-002	2.005308e+000
6.786786258642794e-002	1.888335e+000
6.794598758642793e-002	1.771370e+000
6.810223758642793e-002	1.537470e+000
6.833661258642793e-002	1.186687e+000
6.841473758642792e-002	1.069777e+000
6.849286258642792e-002	9.528774e-001
6.866027330071363e-002	7.024079e-001
6.882768401499935e-002	4.519804e-001
6.899509472928506e-002	2.015948e-001
6.916250544357076e-002	-4.874885e-002
6.932991615785647e-002	-2.990506e-001
6.949732687214219e-002	-5.493103e-001
6.966473758642790e-002	-7.995281e-001
6.975402330071361e-002	-9.329605e-001
6.984330901499933e-002	-1.066381e+000
6.993259472928504e-002	-1.199789e+000
7.002188044357074e-002	-1.333186e+000
7.011116615785645e-002	-1.466571e+000
7.020045187214218e-002	-1.599944e+000
7.028973758642788e-002	-1.733304e+000
7.044598758642788e-002	-1.966766e+000
7.060223758642788e-002	-2.200111e+000
7.075848758642787e-002	-2.433337e+000
7.091473758642787e-002	-2.666446e+000
7.107098758642787e-002	-2.899438e+000
7.122723758642786e-002	-3.132311e+000
7.138348758642786e-002	-3.365067e+000
7.146161258642786e-002	-3.481145e+000
7.153973758642786e-002	-3.597059e+000
7.154950321142786e-002	-3.611525e+000
7.156903446142786e-002	-3.640418e+000
7.157391727392785e-002	-3.647634e+000
7.158368289892786e-002	-3.662054e+000
7.158515296814416e-002	-3.664223e+000
7.158809310657675e-002	-3.668559e+000
7.159024534118515e-002	-3.671731e+000
7.159078339983725e-002	-3.672524e+000
7.159185951714145e-002	-3.674110e+000
7.159299822250799e-002	-3.675788e+000
7.159380429970602e-002	-3.676977e+000
7.159435419690906e-002	-3.677790e+000
7.159478627281687e-002	-3.678432e+000
7.159510676556354e-002	-3.678914e+000
7.159537679542678e-002	-3.679332e+000
7.159557694217170e-002	-3.679662e+000
7.159571289484555e-002	-3.679918e+000
7.159580651158200e-002	-3.680140e+000
7.159587941290058e-002	-3.680384e+000
7.159594424001262e-002	-3.680718e+000
7.159600970456713e-002	-3.681237e+000
7.159608478323483e-002	-3.682094e+000
7.159616203515140e-002	-3.683401e+000
7.159625464069817e-002	-3.685833e+000
7.159633845914225e-002	-3.689262e+000
7.159642925208562e-002	-3.694349e+000
7.159648216241114e-002	-3.697634e+000
7.159652878050492e-002	-3.699954e+000
7.159658590255541e-002	-3.701349e+000
7.159664563978298e-002	-3.701628e+000
7.159677534629534e-002	-3.701533e+000
7.159699007953674e-002	-3.701672e+000
7.159714665183727e-002	-3.701659e+000
7.159745979643832e-002	-3.693928e+000
7.159753230683875e-002	-3.686136e+000
7.159760308982549e-002	-3.678271e+000
7.159761340143477e-002	-3.678238e+000
7.159762841019178e-002	-3.678965e+000
7.159764158870606e-002	-3.679530e+000
7.159765573505965e-002	-3.680012e+000
7.159767073333039e-002	-3.680367e+000
7.159768960248449e-002	-3.680619e+000
7.159771294158003e-002	-3.680717e+000
7.159774694233598e-002	-3.680655e+000
7.159781144794755e-002	-3.680387e+000
7.159784418268454e-002	-3.680292e+000
7.159789415820717e-002	-3.680196e+000
7.159823189085225e-002	-3.679664e+000
7.159856962349735e-002	-3.679137e+000
7.159890735614244e-002	-3.678616e+000
7.159924508878753e-002	-3.678100e+000
7.159958282143261e-002	-3.677589e+000
7.159992055407771e-002	-3.677084e+000
7.160025828672280e-002	-3.676584e+000
7.160932990319190e-002	-3.662981e+000
7.161840151966099e-002	-3.649380e+000
7.162747313613009e-002	-3.635779e+000
7.163654475259917e-002	-3.622180e+000
7.164561636906827e-002	-3.608581e+000
7.165468798553737e-002	-3.594983e+000
7.166375960200647e-002	-3.581387e+000
7.187781159639714e-002	-3.260555e+000
7.195593659639714e-002	-3.143473e+000
7.202255424366591e-002	-3.043645e+000
7.209396034934246e-002	-2.936649e+000
7.217208534934246e-002	-2.819594e+000
7.225021034934245e-002	-2.702546e+000
7.225990855186797e-002	-2.688017e+000
7.227930495691898e-002	-2.658959e+000
7.228415405818173e-002	-2.651695e+000
7.229385226070724e-002	-2.637166e+000
7.229785215886019e-002	-2.631174e+000
7.229985221694070e-002	-2.628178e+000
7.230097632138739e-002	-2.626494e+000
7.230157785948974e-002	-2.625593e+000
7.230200473525571e-002	-2.624953e+000
7.230244485887073e-002	-2.624294e+000
7.230299588357929e-002	-2.623468e+000
7.230358078110616e-002	-2.622592e+000
7.230408745822219e-002	-2.621833e+000
7.230462459685332e-002	-2.621029e+000
7.230519749949804e-002	-2.620170e+000
7.230582009320698e-002	-2.619238e+000
7.230647395713782e-002	-2.618258e+000
7.230719007180336e-002	-2.617185e+000
7.230795936662202e-002	-2.616033e+000
7.230881124351073e-002	-2.614757e+000
7.230964155890257e-002	-2.613513e+000
7.231007411057605e-002	-2.612865e+000
7.231035616065527e-002	-2.612442e+000
7.231054539611649e-002	-2.612159e+000
7.231064500467448e-002	-2.612010e+000
7.231078015597837e-002	-2.611807e+000
7.231091273311167e-002	-2.611609e+000
7.231106009004916e-002	-2.611388e+000
7.231121799120141e-002	-2.611151e+000
7.231129646779493e-002	-2.611034e+000
7.231137877213770e-002	-2.610911e+000
7.231146255992377e-002	-2.610785e+000
7.231154976491008e-002	-2.610654e+000
7.231171489422671e-002	-2.610407e+000
7.231198938241908e-002	-2.609996e+000
7.231229000860012e-002	-2.609545e+000
7.231270991212459e-002	-2.608917e+000
7.231322417810052e-002	-2.608146e+000
7.231398960051133e-002	-2.606999e+000
7.231506074425759e-002	-2.605395e+000
7.231688129643811e-002	-2.602668e+000
7.231789440684323e-002	-2.601150e+000
7.231935516319911e-002	-2.598962e+000
7.232063202572972e-002	-2.597049e+000
7.232197841490873e-002	-2.595032e+000
7.232394072832062e-002	-2.592093e+000
7.232679492800047e-002	-2.587817e+000
7.233082514720217e-002	-2.581779e+000
7.233743257484313e-002	-2.571882e+000
7.235003368421659e-002	-2.553005e+000
7.236340278175414e-002	-2.532979e+000
7.238324299245001e-002	-2.503260e+000
7.240641345800856e-002	-2.468553e+000
7.244315354784146e-002	-2.413521e+000
7.248558405534100e-002	-2.349969e+000
7.254784485733590e-002	-2.256721e+000
7.262077209405264e-002	-2.147504e+000
7.269889709405264e-002	-2.030511e+000
7.276432093651490e-002	-1.932546e+000
7.283418802338942e-002	-1.827935e+000
7.320249159481798e-002	-1.276601e+000
7.357079516624655e-002	-7.254727e-001
7.393909873767511e-002	-1.745512e-001
7.430740230910368e-002	3.761639e-001
7.467570588053224e-002	9.266726e-001
7.504400945196081e-002	1.476975e+000
7.541231302338937e-002	2.027071e+000
7.553508088053222e-002	2.210465e+000
7.565784873767507e-002	2.393775e+000
7.578061659481793e-002	2.577001e+000
7.590338445196079e-002	2.760142e+000
7.602615230910365e-002	2.943198e+000
7.614892016624650e-002	3.126170e+000
7.627168802338935e-002	3.309057e+000
7.634981302338935e-002	3.425219e+000
7.642793802338935e-002	3.541164e+000
7.650606302338935e-002	3.656869e+000
7.650723197365431e-002	3.658597e+000
7.650956987418423e-002	3.662047e+000
7.651424567524408e-002	3.668943e+000
7.651516194973673e-002	3.670294e+000
7.651699449872204e-002	3.672995e+000
7.651745263596836e-002	3.673670e+000
7.651836891046102e-002	3.675020e+000
7.651920981861685e-002	3.676260e+000
7.651990694679738e-002	3.677289e+000
7.652041682863545e-002	3.678044e+000
7.652080500996100e-002	3.678623e+000
7.652109170888548e-002	3.679058e+000
7.652132928806907e-002	3.679433e+000
7.652150105344124e-002	3.679728e+000
7.652161837221522e-002	3.679965e+000
7.652170277802724e-002	3.680189e+000
7.652177180997220e-002	3.680459e+000
7.652183590745412e-002	3.680850e+000
7.652190429498237e-002	3.681472e+000
7.652197807559841e-002	3.682436e+000
7.652206260652887e-002	3.684097e+000
7.652215222191429e-002	3.686852e+000
7.652223534334560e-002	3.690710e+000
7.652233293049937e-002	3.696452e+000
7.652238195050334e-002	3.699123e+000
7.652243885629594e-002	3.700990e+000
7.652249342651134e-002	3.701496e+000
7.652261594202366e-002	3.701313e+000
7.652295867429883e-002	3.701334e+000
7.652324133418907e-002	3.699968e+000
7.652336338231434e-002	3.693449e+000
7.652341118789655e-002	3.686136e+000
7.652345047807951e-002	3.679955e+000
7.652346164513810e-002	3.679249e+000
7.652347261246446e-002	3.679134e+000
7.652348410079082e-002	3.679199e+000
7.652349769657724e-002	3.679406e+000
7.652352833364895e-002	3.679989e+000
7.652354533524194e-002	3.680249e+000
7.652356399110853e-002	3.680438e+000
7.652358666893896e-002	3.680543e+000
7.652361579176654e-002	3.680547e+000
7.652374649280441e-002	3.680215e+000
7.652395929510854e-002	3.679868e+000
7.652417209741265e-002	3.679526e+000
7.652438489971677e-002	3.679191e+000
7.652459770202090e-002	3.678860e+000
7.652481050432503e-002	3.678536e+000
7.652502330662914e-002	3.678217e+000
7.652523610893326e-002	3.677904e+000
7.652823204859541e-002	3.673407e+000
7.653122798825755e-002	3.668913e+000
7.653422392791970e-002	3.664419e+000
7.653721986758186e-002	3.659927e+000
7.654021580724400e-002	3.655436e+000
7.654321174690615e-002	3.650946e+000
7.654620768656829e-002	3.646458e+000
7.681834861488059e-002	3.238586e+000
7.709048954319289e-002	2.830826e+000
7.736263047150518e-002	2.423176e+000
7.763477139981748e-002	2.015636e+000
7.790691232812977e-002	1.608208e+000
7.817905325644207e-002	1.200890e+000
7.845119418475437e-002	7.936836e-001
7.852931918475437e-002	6.768050e-001
7.860744418475436e-002	5.599356e-001
7.868556918475436e-002	4.430754e-001
7.876369418475436e-002	3.262242e-001
7.884181918475436e-002	2.093822e-001
7.891994418475436e-002	9.254938e-002
7.899806918475436e-002	-2.427434e-002
7.907619418475435e-002	-1.410889e-001
7.915431918475435e-002	-2.578950e-001
7.921270156977454e-002	-3.451774e-001
7.927758070574757e-002	-4.421657e-001
7.935570570574757e-002	-5.589474e-001
7.942831529388854e-002	-6.674786e-001
7.943672514813364e-002	-6.800484e-001
7.944442808289366e-002	-6.915613e-001
7.944860962046775e-002	-6.978111e-001
7.945166320611521e-002	-7.023751e-001
7.945583428403950e-002	-7.086092e-001
7.945874505629878e-002	-7.129596e-001
7.945891729671480e-002	-7.132170e-001
7.945926177754682e-002	-7.137319e-001
7.945995073921087e-002	-7.147616e-001
7.946022612282111e-002	-7.151732e-001
7.946041777245959e-002	-7.154596e-001
7.946056953452908e-002	-7.156864e-001
7.946077535640873e-002	-7.159941e-001
7.946088324174472e-002	-7.161554e-001
7.946101485211897e-002	-7.163520e-001
7.946114797231896e-002	-7.165510e-001
7.946136655878347e-002	-7.168777e-001
7.946157608044621e-002	-7.171909e-001
7.946177850348125e-002	-7.174934e-001
7.946189845263073e-002	-7.176726e-001
7.946202921736330e-002	-7.178681e-001
7.946216692425140e-002	-7.180739e-001
7.946239589799441e-002	-7.184162e-001
7.946279175024200e-002	-7.190078e-001
7.946320605638665e-002	-7.196270e-001
7.946356182676849e-002	-7.201587e-001
7.946381159963960e-002	-7.205320e-001
7.946411698932800e-002	-7.209885e-001
7.946442309070992e-002	-7.214460e-001
7.946471370500005e-002	-7.218803e-001
7.946521677401397e-002	-7.226322e-001
7.946577272685675e-002	-7.234631e-001
7.946632866014017e-002	-7.242940e-001
7.946690365595047e-002	-7.251534e-001
7.946710935453380e-002	-7.254608e-001
7.946718918138700e-002	-7.255801e-001
7.946726731823010e-002	-7.256969e-001
7.946735613424558e-002	-7.258297e-001
7.946747825938526e-002	-7.260122e-001
7.946760617127897e-002	-7.262033e-001
7.946782403341081e-002	-7.265289e-001
7.946805330983325e-002	-7.268716e-001
7.946851186267816e-002	-7.275569e-001
7.946895183262794e-002	-7.282146e-001
7.946924131529307e-002	-7.286472e-001
7.946943348219135e-002	-7.289344e-001
7.946958489434543e-002	-7.291607e-001
7.946972866927481e-002	-7.293756e-001
7.946987763513345e-002	-7.295982e-001
7.947005469204560e-002	-7.298629e-001
7.947031979168741e-002	-7.302591e-001
7.947080167720751e-002	-7.309793e-001
7.947162478036918e-002	-7.322094e-001
7.947327098669252e-002	-7.346699e-001
7.947565131172260e-002	-7.382274e-001
7.947869249707777e-002	-7.427727e-001
7.948319879202030e-002	-7.495076e-001
7.949172675192345e-002	-7.622530e-001
7.950878267172976e-002	-7.877435e-001
7.954289451134236e-002	-8.387229e-001
7.961111819056756e-002	-9.406765e-001
7.968924319056756e-002	-1.057419e+000
7.976736819056755e-002	-1.174153e+000
7.984549319056755e-002	-1.290878e+000
7.992361819056755e-002	-1.407593e+000
7.999886981083972e-002	-1.520010e+000
8.000000000000000e-002	-1.521698e+000
